37.76484,-122.242018
35.2375973,-82.73251739999999
47.7015906,-116.7838528
47.7262504,-117.4120272
47.6302048,-117.3676462
47.65719379999999,-117.2422709
47.65945139999999,-117.1956584
42.7182233,-88.999939
44.9097989,-89.6064533
44.7847746,-91.45949189999999
44.7843075,-91.46053220000002
43.7850394,-88.4720189
33.5487145,-101.9215301
33.9152184,-117.4622948
34.418897,-118.542742
33.98084960000001,-84.46312929999999
47.6228743,-122.1627604
47.4664334,-122.2316797
35.5962559,-82.494807
33.8730694,-118.3625028
44.99407919999999,-73.4547097
44.3077712,-71.75241079999999
37.0605727,-93.3153023
25.8002138,-80.204623
32.3098492,-106.7680214
31.7413742,-106.3291809
31.8953937,-106.4124771
31.84356,-106.5801647
40.74102329999999,-73.9917695
41.9452874,-87.7430947
45.0153456,-93.17771370000001
40.8141732,-74.21926309999999
40.4330076,-80.00456179999999
41.7998256,-91.8722459
35.360573,-97.422617
48.040341,-122.409665
39.1555825,-75.4983285
42.2166011,-83.1934596
41.7003725,-73.8778344
33.8151889,-117.992952
33.8153902,-117.9920465
37.3790023,-122.1150948
37.2390674,-121.9620423
41.1099653,-73.4155504
29.3852663,-98.33959920000001
44.6976192,-73.4781606
41.469344,-87.2699787
33.9810407,-117.3439708
33.9281581,-118.1477483
33.8730979,-118.0297642
33.714843,-117.9703202
33.8338537,-118.117774
34.0900059,-117.908964
33.867451,-118.020588
33.9547544,-117.3961642
42.4398919,-123.3147154
26.6720743,-82.0582773
39.6241751,-104.8853408
43.697797,-114.3544682
37.649351,-118.9886689
40.8881599,-111.8802997
39.5878392,-97.4066048
42.4395889,-76.4969931
34.042392,-118.082644
34.2414467,-118.2669931
40.5251342,-111.8741047
41.2808769,-96.09001599999999
40.4501138,-86.1276398
47.62394760000001,-122.3500881
40.6090059,-111.9237367
41.77323639999999,-88.1500787
42.6989477,-71.1644567
40.03859449999999,-76.3127456
38.7886387,-90.41323179999999
35.1983108,-111.6486627
37.2747398,-107.8805921
46.5107807,-93.7069161
44.7639562,-85.620561
32.961011,-96.6752042
33.5879251,-112.10935
41.5704812,-93.7091236
46.8729194,-96.7684118
40.7950311,-77.86054469999999
39.9704094,-76.7687543
28.601648,-81.36320839999999
38.030045,-78.48051500000001
29.0139756,-95.40284
47.04463759999999,-122.9012673
39.8403086,-105.0247826
47.604747,-122.339716
43.18827,-77.5847895
33.7406294,-118.1056698
40.039505,-76.395217
39.6901068,-104.9872014
40.61244569999999,-75.3795598
35.3685731,-120.854344
29.49937,-98.62644429999999
34.093167,-117.6949207
41.598047,-90.34402999999999
44.9398211,-93.1703072
33.9398419,-118.0808256
40.0438342,-74.1186175
39.157618,-74.76695699999999
34.2810917,-119.2955906
33.7646401,-118.1520542
32.7480849,-117.1612174
44.0226181,-92.47883209999999
38.881478,-76.99526089999999
38.3317618,-122.7115604
34.914596,-80.564751
33.7477972,-116.9701089
40.2154435,-74.0117776
40.15729,-83.13424499999999
43.1939534,-71.5386166
38.9500067,-77.1196703
41.9798029,-91.665055
38.9083868,-121.0773626
38.899468,-95.262164
42.5711907,-76.2211993
33.4432341,-79.1228584
36.8457549,-119.8006087
40.9090819,-74.0636985
39.318982,-76.7438188
39.0614497,-77.12662519999999
38.8983659,-77.1184784
38.9643142,-77.0757435
39.3551914,-76.6464882
40.0177263,-105.282214
42.9685634,-88.046971
43.0292118,-88.189274
43.1915514,-88.0884557
43.0605268,-87.999488
43.0769883,-88.0696561
25.7909979,-80.2106781
32.755284,-97.32907399999999
33.2081214,-116.9819435
41.94436109999999,-87.6496296
41.9081815,-87.67356439999999
43.3265447,-83.73983779999999
29.9547355,-90.0649179
47.68178640000001,-117.4117913
38.9792397,-94.9632712
49.0021739,-122.259415
32.7219608,-117.1709678
42.11613,-87.759237
42.1168476,-87.7421664
41.9437653,-87.64973669999999
34.4419854,-119.2626486
39.9690545,-74.0687969
37.8647703,-122.2587355
26.1903112,-81.79937559999999
43.3604254,-70.4798783
39.949767,-75.1481542
35.2807412,-120.6623267
36.6726239,-121.6549828
36.987268,-121.9512707
36.5953313,-121.8629793
38.7922754,-121.2233311
37.9627464,-121.9824279
36.9870047,-121.9634556
36.9289742,-121.7903875
44.9397365,-93.14735089999999
38.6269109,-122.873829
45.4679796,-122.7138124
35.0806073,-106.6088823
34.4166363,-119.6952859
43.584646,-71.2130741
34.0855047,-118.383711
38.927475,-77.353707
40.100724,-123.7949206
30.4710017,-97.65264359999999
35.1400663,-90.0531043
40.2952746,-75.1894938
35.0577353,-118.1729019
33.7236951,-116.3934827
36.1442114,-115.1570959
43.633429,-72.31562509999999
38.5461219,-106.927313
43.0416849,-76.11911769999999
36.2182959,-81.683728
61.1971873,-149.9058938
42.3658892,-71.0929718
37.7828561,-121.9745742
37.8921636,-122.1150826
37.9846984,-122.0670868
37.6907713,-121.8773363
35.0475497,-90.0246662
29.9589097,-90.06539090000001
41.3230163,-72.3347844
41.4293497,-71.4824288
39.4778227,-106.0454921
42.6751169,-83.1937834
33.0733089,-97.0869639
47.614329,-122.325194
38.7165994,-75.0802369
38.9860047,-94.6303645
40.0187979,-75.3212805
32.8002319,-117.1405082
33.3921794,-111.8625378
32.7446917,-117.1885064
42.8269632,-78.75609
32.2401856,-110.9728897
37.5337526,-77.562035
30.4044301,-87.6836577
33.7575904,-118.108377
40.0727773,-74.0726534
42.2222506,-70.8043742
42.242314,-70.888547
33.5137436,-117.1603899
35.26094,-111.544033
29.958337,-90.061616
47.6255341,-122.5215981
34.1678212,-118.3460893
37.769649,-122.2488174
38.5797725,-122.5781254
34.6102692,-93.69520340000001
30.4653962,-98.01393639999999
36.70938,-105.4083965
38.8972903,-77.006203
39.207329,-86.247737
38.378152,-75.06974699999999
30.3575558,-97.6882466
39.105621,-84.5171637
45.5316594,-122.6545964
41.2148255,-80.7507332
36.0646981,-75.6923717
34.437816,-119.791453
41.9392055,-87.73318309999999
42.155846,-87.9578191
41.9256075,-87.6753331
41.9075809,-87.90395769999999
41.9965231,-87.7119134
42.2396845,-87.99128290000002
34.0955368,-117.7168722
40.83225729999999,-115.7630659
39.1904816,-106.8198536
41.6691554,-71.4773147
39.8764111,-92.0227216
34.6935746,-77.12825389999999
29.7069215,-98.15813659999999
43.360857,-70.4770545
25.8375412,-80.29130649999999
42.5497223,-70.8778541
42.8379753,-106.3178427
35.3325028,-81.89125779999999
43.018395,-78.87823999999999
38.257494,-85.766918
38.9453048,-119.9704749
40.7654083,-73.6476965
40.8610032,-73.3206692
40.7760165,-73.0078849
40.66477769999999,-73.8417047
40.8153423,-73.2323207
36.3798627,-82.370815
35.5850522,-82.52753910000001
35.4515607,-82.5234874
32.1696868,-80.7396669
38.219954,-90.389905
37.2869031,-121.9438246
28.5042045,-81.37626999999999
26.3599182,-80.1366713
47.61876950000001,-122.3545064
33.800654,-117.9184914
41.2869614,-72.6885126
36.0611518,-94.1594298
38.5741624,-121.4742445
41.4828355,-81.767729
35.6171992,-82.3207489
40.865889,-111.901639
40.4647059,-80.0716435
41.9255562,-87.6569284
41.7708596,-87.7915233
35.927733,-79.026926
47.9502963,-124.3851166
38.9040226,-77.0409521
41.549164,-87.664585
43.6665074,-89.7846175
42.4643632,-82.898253
34.1296353,-117.9707674
37.2961693,-107.8851392
44.0482773,-71.6859022
41.69479130000001,-83.64057269999999
61.19418439999999,-149.8782458
30.2745364,-98.8709342
41.2851489,-81.83444
37.7097967,-121.9141216
37.7612955,-122.4347835
41.9271104,-87.6416435
41.9178971,-87.65079539999999
41.772737,-88.14760539999999
37.210294,-87.18091179999999
42.5468404,-71.4741483
34.1674523,-118.3136865
33.7658666,-84.3492457
35.551449,-97.56434499999999
39.8952721,-82.9599003
43.092179,-89.490523
39.074462,-94.5827152
33.80843,-117.9057106
33.6262265,-117.849722
36.9699908,-122.0253359
41.891731,-87.6022587
38.7799255,-77.2360396
41.89143199999999,-87.60908010000001
36.1107901,-115.1714113
41.5901524,-93.6116004
41.9348907,-74.0215406
47.61861589999999,-122.130606
35.2021956,-106.6466903
42.4598309,-71.3497684
42.45969849999999,-71.3504281
30.1611462,-85.7782453
26.2504552,-98.22201059999999
26.961824,-82.3565969
35.11927800000001,-120.601916
38.951223,-92.3282351
44.3155212,-69.77405399999999
35.458365,-82.514471
35.2708078,-120.66891
33.6180548,-117.7068827
33.1968071,-117.3784711
40.687066,-111.8712768
42.4153947,-71.1521377
42.752533,-85.5310726
35.4237837,-120.6048342
34.8665792,-92.1304581
37.6738214,-121.0122831
34.8400913,-82.35795689999999
39.1635278,-86.53391529999999
42.8809188,-71.3256505
42.7441936,-85.53448759999999
39.0904604,-84.49292229999999
28.953275,-81.943471
42.887403,-72.536228
44.2620283,-88.41431109999999
39.9717107,-82.92058089999999
40.4501061,-79.9867628
30.3609622,-97.7288251
32.9353085,-96.8245676
26.3056988,-80.0917971
40.4501061,-79.9867628
37.7907569,-122.417173
32.7443399,-97.0795682
40.68272169999999,-79.9356221
33.8125743,-84.35953239999999
44.054283,-91.638387
42.7732317,-71.4452561
37.7714163,-122.4342802
45.0268425,-93.0186461
43.6135413,-116.3918889
35.8218615,-83.5789989
39.5343866,-104.9851676
43.2381389,-70.593429
28.646334,-82.26769999999999
30.2972417,-81.7037526
38.77414,-76.0769119
48.0499988,-122.1777391
42.519924,-70.888257
43.1585685,-77.58463239999999
32.235899,-110.902542
37.9844441,-120.3826977
42.9413795,-85.5694201
37.0863499,-88.598209
35.666578,-80.4705127
27.475995,-82.432867
27.4950045,-82.6151204
32.851503,-96.81387269999999
38.6615209,-90.3004114
29.59128419999999,-95.6029938
36.1130984,-86.7665742
38.8789976,-77.1106162
40.7494637,-73.984217
45.3752281,-84.9557835
34.7649103,-92.3097141
46.492295,-87.69794499999999
40.116032,-88.23853299999999
33.0226622,-96.69895389999999
35.1087419,-106.5995769
40.5874118,-105.0774538
30.0709948,-95.4689588
41.2732999,-70.0918854
31.5597681,-91.4030191
32.34347,-111.107312
37.9466097,-122.5257439
37.89618189999999,-122.0593798
39.4254414,-87.4232789
37.3706123,-122.0155476
29.9616767,-90.0585974
26.0103639,-80.1903337
34.1065854,-84.53472839999999
33.6741129,-117.9201562
39.3060867,-123.7984831
41.5709186,-93.7084756
33.8219965,-116.5472022
32.7389956,-97.3917274
32.9299455,-96.8198347
32.7883997,-97.3450968
32.7832946,-96.807772
43.51115619999999,-96.7758076
43.3683938,-95.13162369999999
47.8927807,-97.0713004
46.797522,-100.7849241
36.6444092,-93.21732999999999
37.3204708,-122.0330745
37.3945279,-122.0974498
37.4441622,-122.1614674
37.319227,-121.9132624
37.3210538,-121.9936455
37.2531246,-121.8772817
37.5049303,-122.259708
28.513981,-81.39438899999999
36.3058937,-94.18786519999999
39.741202,-105.1076106
47.709957,-122.318611
47.6563489,-117.3168538
37.7701351,-122.4478607
44.763938,-85.6235631
36.160904,-86.7767224
40.1702838,-74.0164786
43.063818,-76.9917789
35.2591167,-112.1897175
48.5207753,-123.0182564
40.8685301,-73.531275
43.3099636,-73.6452888
36.7681723,-76.24215559999999
36.8520386,-76.0203152
35.9997707,-78.910394
43.2158709,-71.530254
38.7526663,-77.2662773
38.8834389,-77.1724727
38.8835563,-77.1726863
61.20744209999999,-149.8693845
42.3457247,-71.0866863
38.977369,-94.59523659999999
29.7296544,-95.4201525
44.3369879,-75.9188496
42.4978111,-96.3931269
47.6094897,-122.3408919
44.0738487,-123.0452955
44.0738487,-123.0452955
39.255719,-119.971839
39.2477966,-119.9632349
40.5879717,-75.47445309999999
37.6420688,-77.56989469999999
40.7772931,-73.9616865
39.9498972,-86.2610636
27.1994055,-80.2538611
33.465512,-112.08108
39.9711689,-76.521056
36.855822,-76.14868779999999
46.7325713,-117.0005729
38.8912852,-77.1857766
33.9519153,-84.5497858
33.9588899,-84.1373984
35.430364,-80.889054
42.7844645,-83.2400988
36.0984675,-95.88720850000001
43.1729311,-79.0418785
41.1470808,-73.49309339999999
35.8031168,-83.5758695
37.7290481,-89.19277799999999
44.1331589,-73.07750949999999
38.4733068,-122.8924715
38.8547354,-94.7805824
37.7042887,-121.9359543
40.6021768,-111.8727493
39.942164,-75.151645
45.112264,-93.422839
39.5998904,-75.726857
38.58237,-121.505363
47.6565141,-117.235047
38.933348,-75.44174
47.4959997,-122.2058206
47.6702542,-122.1112781
42.584662,-83.403625
47.6217069,-122.3485178
26.223023,-80.288208
32.8213766,-117.1532945
35.1572174,-120.6679073
40.9533625,-73.8512788
48.7216517,-122.5032237
24.5604904,-81.8051861
28.3936484,-80.6116334
33.386724,-111.5494574
44.95391499999999,-93.2134028
42.2458927,-83.6121667
37.7738939,-122.4110382
38.3280947,-77.4667985
37.3096117,-79.9499057
42.1747161,-88.28535169999999
41.9550067,-87.749246
30.523313,-87.9038487
48.221304,-122.687153
21.385418,-157.9416305
34.1563308,-118.4699849
38.3953183,-121.9614492
38.2799921,-122.2629156
38.3484159,-122.0003549
38.6180034,-88.9486279
38.623517,-88.9638231
38.3070159,-88.94218740000001
33.4213787,-111.9085426
46.806045,-100.7849764
37.8665246,-122.2588488
45.5190327,-122.6821652
42.37140249999999,-88.8779563
47.6156454,-122.2037246
47.600404,-122.333922
47.6631005,-122.2989141
47.6120364,-122.3374629
47.45940400000001,-122.2613347
47.4502499,-122.3088165
36.5987666,-121.8887132
35.1261617,-89.9850738
35.7720009,-78.76041219999999
21.3146033,-157.8663586
44.4339672,-69.0019061
39.9825868,-83.0049354
30.530409,-90.37464849999999
43.57708909999999,-116.5588192
43.6148614,-116.1992672
39.267892,-76.7954958
36.052239,-79.09579599999999
39.4133183,-123.8083473
30.2726263,-97.75625169999999
40.3325447,-75.1366151
45.7171667,-123.8943223
40.8326195,-73.8275574
24.5535012,-81.8013282
48.1204938,-123.4312826
40.9966678,-75.18278529999999
38.1988348,-92.6374027
28.0320932,-82.6470867
28.063543,-82.576043
37.5794611,-77.5151544
40.8133136,-96.7103785
32.8232194,-96.7895631
47.2160921,-122.4687412
40.2283129,-76.4317963
27.751263,-82.71170699999999
38.9681551,-95.2355307
41.42257,-78.54284299999999
29.9604847,-90.0597221
39.9204353,-104.9975506
33.407853,-111.902
45.1272793,-87.24491929999999
41.1251405,-112.0265504
42.843735,-70.8790945
38.4372894,-122.7203516
42.3597994,-71.0544602
39.262377,-121.018714
40.8758372,-73.59764559999999
43.0773875,-70.7573136
37.2714921,-76.70665489999999
41.8829417,-88.30847519999999
41.5995333,-93.74897659999999
44.8806577,-93.3247802
44.7421144,-93.28929280000001
45.0146026,-93.1717575
44.8552946,-93.23947179999999
41.1707057,-73.1457841
41.1687179,-73.1501353
32.708531,-117.1600098
32.2206134,-110.8432543
29.9534073,-90.06866600000001
40.5770298,-124.2632472
39.687424,-123.4819834
39.7570633,-84.186122
33.4936124,-117.6972904
39.0305889,-77.07584729999999
35.09318409999999,-80.6549328
43.1502474,-93.19508839999999
40.6090059,-111.9237367
40.8688874,-124.0854469
38.6313434,-90.18466099999999
29.46436139999999,-98.4639247
41.6529128,-82.8172068
35.1415872,-90.0521681
42.523125,-83.4634724
32.7693825,-108.2771375
34.1025903,-118.3400444
45.6738542,-111.0774013
30.27909559999999,-86.0171804
40.6747003,-111.7984625
33.8605093,-83.89894480000001
26.9622333,-82.362822
25.9996388,-80.38159879999999
38.4517946,-78.8682709
45.0853925,-93.00837840000001
39.4822049,-106.0461427
30.4753802,-97.8401835
30.437005,-97.7573309
42.6293671,-70.6390153
39.6789624,-104.9590798
33.9826551,-118.2739514
35.043316,-90.02541
26.1195027,-80.13043080000001
40.01630220000001,-105.2603681
40.0186078,-105.2314503
45.3752353,-84.9570107
27.8340405,-97.05941969999999
42.3647541,-71.1066823
40.2468103,-111.7102305
45.8505619,-84.6133559
44.0539572,-123.0879346
45.5305609,-122.682628
35.2216833,-80.8189257
38.7804313,-76.6280317
37.826808,-122.2518964
39.6066907,-78.2377009
29.8971173,-81.3132759
38.8829816,-76.9952443
29.738511,-98.10392139999999
48.1576843,-122.1782622
32.763553,-117.0219758
41.507617,-71.71562
36.1120785,-79.83132379999999
35.8383773,-78.6439481
36.0718123,-80.2993359
34.2327345,-77.8763725
40.7323572,-73.9904665
34.22328,-118.5979212
34.1576183,-118.4318816
42.0914928,-83.28627139999999
32.7922698,-116.9614851
42.7888925,-71.5149735
32.6125123,-90.03696769999999
34.9621494,-89.97480350000001
43.3059,-110.68
36.0767027,-115.2071076
27.9653407,-82.5041065
28.3729475,-81.50435929999999
26.5858327,-81.8725298
42.5257955,-71.105952
47.70612269999999,-122.3258649
34.0318929,-84.33868199999999
34.1226943,-84.2285943
34.0010106,-84.58447989999999
38.5919624,-90.5442187
33.9608664,-84.13315519999999
33.9807758,-84.4252908
36.1947692,-115.2524603
34.1706024,-118.339833
34.1682206,-118.3588291
40.7021135,-73.3840656
45.4903439,-122.7948517
40.5466013,-74.2297679
38.237705,-122.126096
34.1934392,-118.3591738
33.6204622,-117.7023885
41.4027588,-72.4507108
22.2210852,-159.5730958
44.9818536,-93.29819499999999
44.385803,-103.7188793
44.38580289999999,-103.7188796
44.47549009999999,-103.8104209
41.1207393,-73.4134729
43.557718,-73.655326
34.2405224,-119.2644626
39.3530332,-74.4456015
45.1275823,-87.2454597
33.9867313,-118.4228177
45.6278462,-121.5411158
33.7993498,-78.7371505
38.9875524,-76.5283961
30.3917567,-86.4237411
38.9772908,-76.4879837
38.8040443,-77.0407992
38.9225511,-77.0729052
38.9771734,-76.48787469999999
39.2862128,-76.61069549999999
35.0228396,-93.0456152
38.71542549999999,-75.0906407
39.9516498,-75.16821209999999
33.7711337,-116.4474377
32.7684887,-117.1659598
36.1107901,-115.1714113
32.71456,-117.1603595
39.1162978,-94.6437239
33.8789004,-118.0150028
41.1308208,-102.9655862
39.9754064,-105.2376858
38.3486905,-120.7743067
43.3237821,-83.7385722
34.0890845,-118.6029691
38.0224962,-107.6715294
38.024352,-107.6715282
47.041638,-122.783401
40.8604489,-74.317441
34.0031444,-81.0174609
44.044915,-123.0642521
37.2981583,-121.8712939
40.4847669,-124.1010678
33.9400038,-84.51391509999999
32.793845,-79.992243
42.5569021,-82.89864329999999
38.2914216,-122.4625843
37.8932782,-122.1179829
37.8836813,-122.189831
37.8932782,-122.1179829
34.1012975,-118.3333925
45.5295894,-122.6375473
42.726745,-71.043364
42.191452,-84.23236899999999
42.6556943,-86.2048532
35.9785984,-114.8369027
45.208334,-123.198281
29.2926234,-94.78609449999999
37.4867178,-122.2350181
37.36973450000001,-122.0425807
27.975757,-82.7541457
41.8877317,-71.3543844
43.5753856,-89.7794962
43.3237821,-83.7385722
36.1581888,-86.79221299999999
37.765073,-122.4233538
34.1012895,-118.3274289
34.1505149,-118.4461449
39.4815982,-80.11716419999999
38.9896001,-77.09966610000001
33.71667910000001,-78.9277391
34.4201513,-119.7009756
42.1440375,-77.05796939999999
35.1983751,-111.6483652
39.1493116,-123.2074424
35.1667968,-80.87504539999999
35.20001999999999,-80.77996399999999
46.0670831,-118.3391653
41.1152068,-85.1392108
40.0365584,-86.01183069999999
39.1641578,-86.4955943
40.14233180000001,-88.24293039999999
40.3916997,-86.84997580000001
44.7777015,-91.43820550000001
38.2471119,-85.6237246
41.71949,-86.1910125
37.9839976,-87.4960356
39.9089327,-86.0648858
33.8338868,-118.3156439
29.9575979,-90.0664967
33.3936489,-104.523223
47.5805006,-122.6086106
33.6075566,-117.8900312
32.2110065,-80.7021692
41.2740921,-70.0941635
26.1807681,-81.8116828
29.959413,-90.06071399999999
36.0810067,-79.4740025
33.7200391,-116.3885583
39.6912077,-86.0825376
42.1044379,-70.8025876
42.1021924,-71.0649871
42.0646368,-70.7992434
42.2012088,-70.9434474
41.90502619999999,-71.0456825
40.4509168,-79.9845941
42.81174559999999,-71.58663039999999
37.2700174,-76.7060913
37.65248709999999,-77.61777889999999
39.388215,-76.7360638
38.9732021,-76.54208290000001
36.027931,-115.108907
39.813864,-105.1610133
44.37991,-73.227524
30.589132,-103.893967
32.7572053,-94.3440116
37.9047151,-78.3423167
44.389635,-68.20448800000001
40.0580539,-74.1088704
35.5351888,-98.6915018
26.137373,-80.1199391
42.4784431,-88.0965233
26.2069346,-98.2389683
40.1528944,-75.36940179999999
40.11905489999999,-75.51701299999999
29.6912272,-95.1891459
32.0531214,-81.0989475
38.5919707,-90.2923977
38.61237,-90.22045399999999
42.3859586,-71.11956959999999
42.6146168,-70.6629329
42.5536763,-70.96115689999999
42.5858733,-71.1149836
32.0291923,-81.1140896
39.649305,-75.620637
29.6620302,-84.8650751
33.5198208,-84.3171201
29.6583986,-84.88282319999999
39.1173313,-84.4831811
28.4524436,-81.4703833
30.3975602,-88.89243479999999
40.62235039999999,-73.72334219999999
44.9333479,-93.338814
38.9159239,-77.333699
43.361509,-70.4774132
40.7482222,-73.98747689999999
58.3002165,-134.4046504
38.2350018,-122.6404128
34.1688034,-118.343505
39.5154308,-119.8074894
33.7667886,-84.34961899999999
33.9585681,-83.373466
27.7856962,-82.781966
27.7736221,-82.6221686
33.7174573,-78.8822869
40.8149003,-74.21845689999999
42.346464,-71.24794949999999
40.00389089999999,-86.118279
41.6281293,-87.5808653
44.6993965,-85.0946544
41.6518963,-70.28681449999999
39.088458,-94.581874
29.7452559,-95.4600416
40.7048175,-74.0119835
40.0432875,-83.12801689999999
40.451194,-79.9327914
27.9299137,-82.5106361
45.060919,-93.12953399999999
37.6876778,-97.39826749999999
43.9413479,-83.2725243
43.6074481,-71.4658774
38.6600444,-121.757216
38.9785302,-122.8415742
30.3842296,-87.1001862
34.177055,-112.855887
33.2130359,-84.68948549999999
24.5475682,-81.7968252
24.560971,-81.751481
24.5571621,-81.8035663
40.737661,-73.996004
32.2440446,-110.8929956
47.66239299999999,-122.2934481
38.7752165,-75.13992809999999
44.4460041,-73.2038805
37.317962,-76.732201
43.3393719,-124.3249392
41.7921907,-71.40218589999999
38.336531,-75.08224
41.0005499,-72.2949299
34.0747145,-118.384053
30.3943052,-86.5911447
35.9951759,-75.6529485
35.9951759,-75.6529485
30.3947893,-86.5117162
43.6787846,-124.1757592
33.7097302,-78.9023347
33.8827691,-117.5221735
26.3030635,-80.1525784
41.497226,-81.694049
35.5971037,-82.55255860000001
29.956454,-90.06751729999999
25.7660519,-80.217063
30.4282383,-97.71536689999999
27.9604718,-82.44125369999999
29.7934635,-98.7315614
29.424522,-98.4874708
38.6375389,-90.3909599
33.5432271,-117.7845038
47.168159,-122.5175089
44.2983732,-92.00898000000001
44.3016863,-92.0037771
35.080426,-106.6105502
48.7632499,-122.4747389
33.5799036,-112.1331004
32.0026394,-81.11703050000001
32.7205552,-97.53946239999999
33.448999,-79.118931
33.5596229,-79.0317736
29.9733664,-90.1458395
34.2173557,-77.9038654
29.4939809,-98.48289369999999
47.2561383,-122.4387801
34.2401695,-116.9119113
36.151804,-86.774177
40.6258792,-75.4526705
33.8656341,-118.3877815
42.35879509999999,-73.2826726
33.343637,-118.326068
46.2144659,-119.1924603
43.3237821,-83.7385722
33.205957,-87.545704
34.1316779,-109.9474744
40.2411725,-76.9843733
44.5657402,-92.5345414
47.667089,-122.1076903
47.6342113,-122.1397232
39.9490099,-75.1510199
48.01044280000001,-122.5292907
38.77242140000001,-104.765546
38.2139319,-85.592733
32.842654,-79.8364579
37.3997699,-79.2110786
32.8152676,-117.2701617
32.9206753,-117.2170144
33.8762255,-117.8794441
41.16749,-81.404814
48.750802,-122.4760157
29.9583928,-90.0611462
29.9577512,-90.06235079999999
34.2010014,-118.4829573
32.7358195,-97.1021066
40.80872410000001,-73.23717599999999
28.0790141,-80.6058585
32.0798111,-81.0944605
42.0191423,-87.66892949999999
40.364376,-74.951518
42.62787,-76.71015400000002
30.2487119,-97.7503468
42.2425736,-88.31745099999999
42.1663964,-88.29326929999999
47.2129288,-123.10354
42.30581460000001,-83.2479829
36.09587,-115.202659
32.429984,-97.3832372
36.052392,-115.1690207
35.1624767,-114.5758899
44.02324910000001,-71.1147396
38.1423532,-92.6284572
44.940273,-123.0391863
45.7818686,-84.7268014
39.9718031,-105.5456387
46.3963602,-94.3758079
37.8271643,-122.2095952
33.0386869,-96.7321992
30.4484781,-84.3108001
33.1400852,-96.1050032
38.3539188,-81.63783099999999
39.297491,-81.54864099999999
38.4195689,-82.4491453
42.3384356,-122.8697441
42.041365,-87.7768869
29.9515399,-90.0668634
32.077582,-81.092614
38.9203148,-94.3118066
34.0266201,-118.4554311
29.4237577,-98.4844177
39.9166841,-74.97576649999999
39.2064288,-86.2469579
43.0527178,-89.43593729999999
41.2292904,-96.0415149
35.1505739,-80.8753253
34.0312769,-81.0904322
33.8902665,-118.3639838
33.52193690000001,-111.8996486
41.5443181,-82.7497647
42.0499226,-70.1878297
30.3923897,-87.2619071
40.84992570000001,-81.43366429999999
41.92022499999999,-87.66194349999999
44.47619,-73.2117312
26.1817442,-80.2517033
26.0104778,-80.2036979
41.869239,-87.841313
39.7728483,-86.15172439999999
36.2379379,-81.7495442
36.2093499,-81.7770231
36.2186639,-81.68357910000002
35.4906566,-82.98796399999999
35.966316,-83.918548
35.3181569,-82.4609109
35.5940185,-82.5518398
34.852098,-82.3989873
34.0066594,-81.03656029999999
36.100161,-80.246687
41.878715,-71.1951849
41.8790972,-71.1678888
42.4158515,-90.42850759999999
38.2984567,-122.2883548
43.6604363,-83.9484602
40.0156565,-105.2613585
30.417813,-87.2022331
45.5370766,-122.406492
33.5001895,-86.7967391
36.5007893,-80.6075319
39.5138922,-119.8073862
40.7823971,-74.5892356
38.5018939,-122.9973153
47.717782,-122.310892
40.63826520000001,-73.9766946
27.9834776,-82.5370781
25.795865,-80.2870457
29.9856075,-95.3338756
37.780976,-122.400246
47.692801,-117.369542
42.0142798,-87.94003310000001
33.8006333,-116.4945197
34.2779964,-118.8735562
40.7824574,-73.9791201
40.0373361,-104.7538127
35.9994476,-78.9094899
40.1201529,-79.8783658
34.205799,-118.2284052
33.629075,-111.8617679
41.1841314,-81.5092725
30.1342433,-81.7793597
32.2521656,-110.8904849
34.1934392,-118.3591738
45.1889356,-67.2780148
40.1557723,-111.5756794
40.1644667,-111.6110477
41.1569638,-81.40409749999999
43.5963185,-83.888886
36.16205000000001,-75.7516035
45.5118745,-122.6252192
30.5628781,-84.21349909999999
41.285198,-70.100312
26.1324299,-81.79458079999999
37.3212282,-121.932283
34.5946797,-120.138948
40.3636567,-105.5428331
26.4386279,-82.0660963
29.964366,-90.0543304
29.9469519,-90.07029899999999
41.25519,-95.9305631
47.660486,-122.3134796
40.760136,-73.98354239999999
40.760136,-73.98354239999999
42.357375,-71.1481823
41.4984135,-71.3069821
41.050838,-74.18488
41.2357458,-96.1016274
41.1415017,-95.9740841
41.6016887,-93.75490359999999
33.809779,-84.3731767
44.97332900000001,-93.37773399999999
44.4006824,-73.8481779
44.563924,-123.2614904
47.23412709999999,-122.4548815
46.69644539999999,-122.9559804
30.630373,-87.61602099999999
41.9276628,-73.91268649999999
41.9534986,-73.51071999999999
36.7641769,-76.248716
36.8520386,-76.0203152
47.0077458,-124.1650707
33.2173133,-117.3312161
48.1199332,-123.4336697
32.9476121,-97.117053
35.0803215,-106.610295
41.1535592,-81.35704439999999
44.476159,-73.211919
34.1974009,-117.3434417
30.2716093,-98.86799579999999
44.0539577,-123.1076827
38.4745326,-122.6734772
38.327713,-122.698562
29.453594,-98.4947471
29.453415,-98.4939698
33.8804423,-118.3112513
41.4816205,-81.8358387
38.783123,-89.95063689999999
37.745163,-122.4270378
33.7120567,-78.8958573
43.6310497,-70.29065650000001
38.0029406,-121.8082589
41.82755700000001,-71.41685799999999
41.823012,-71.412348
28.3045499,-81.42255779999999
28.5932917,-81.3781867
48.535917,-123.0179705
47.757471,-122.244275
37.2280891,-121.981115
38.5018123,-122.9996855
41.3800517,-73.4817327
36.41495,-82.47223799999999
41.73887360000001,-72.6529968
61.1438788,-149.8582383
31.0551463,-97.7155305
34.1004214,-118.2901088
47.23062890000001,-122.3387809
36.9821786,-122.0309827
47.6801702,-122.124475
47.60722440000001,-122.6276561
20.791706,-156.5131183
42.1772728,-88.00023220000001
30.5220015,-87.9032357
45.9932872,-123.9232924
28.01224,-82.78892499999999
31.5303668,-97.19255849999999
45.3979478,-122.7441637
47.6248406,-122.51902
38.664624,-90.4440261
33.7195668,-78.8808844
37.3047061,-121.8979591
35.2032771,-89.7837156
48.7902048,-122.4966706
39.7199401,-75.1126701
30.035264,-90.74447500000001
30.047506,-90.688885
44.0923358,-123.0960715
42.8115624,-70.8694177
40.5396763,-80.1806747
35.4840818,-82.5278756
35.4840818,-82.5278756
29.77534559999999,-95.39050110000001
42.7579539,-71.2128137
41.9487324,-88.11527339999999
39.64141,-106.53653
45.5546794,-122.5352331
44.9381066,-122.9848531
45.4582273,-122.7831049
45.40054960000001,-122.7489432
47.3567141,-122.0206247
28.8080119,-81.3220795
39.69821460000001,-74.2694542
40.89134370000001,-74.52225899999999
42.3420492,-71.12289
47.7225315,-122.2060666
41.5990115,-87.795943
35.6540578,-97.4648982
35.3905426,-97.5422435
35.5249292,-97.53604410000001
35.4662209,-97.40517709999999
35.216856,-97.4752661
35.6070349,-97.5532537
35.55960470000001,-97.6392941
41.1381024,-73.3444338
46.54398219999999,-87.3978262
38.2609901,-85.6080806
36.1455604,-115.2995173
40.1745793,-111.6111062
40.9096693,-74.0305082
33.6521732,-78.9834279
33.4397662,-79.1270785
38.8116839,-77.63542249999999
33.7251298,-78.8672655
33.2076806,-87.5692895
33.172383,-87.545984
35.5841955,-77.3693589
33.1949631,-87.61449449999999
38.9195684,-77.2365706
38.9010889,-77.2663833
41.0243101,-80.64923499999999
42.265085,-83.507662
42.3869128,-71.20122400000001
41.2115975,-80.74857879999999
35.4857295,-80.8784194
35.530873,-81.02520500000001
41.4597659,-87.07309839999999
26.7077672,-80.11570499999999
64.8333063,-147.7798171
41.0248009,-80.66709399999999
41.4644319,-82.1586313
41.0536734,-83.60919729999999
41.4080543,-82.6612485
41.5200836,-81.4577499
41.3793943,-81.7874593
41.6543278,-81.3759651
40.9187957,-74.6785137
32.8039729,-79.88849499999999
34.0673868,-117.2159241
33.5349906,-101.8710572
36.2380641,-115.1509655
33.7603417,-118.1357749
42.3307555,-71.1927054
39.1001948,-84.4877355
41.2029065,-81.4360274
37.9819195,-84.5301705
40.7287793,-76.1934929
36.1629282,-115.2907175
36.0146775,-115.1173773
36.0604764,-115.0439577
34.2215398,-77.8841362
35.1005051,-77.0979309
35.1005051,-77.0979309
34.7864496,-77.3985198
35.1048179,-77.082411
33.94284409999999,-78.0281224
39.5962757,-104.9886345
39.95876519999999,-86.11671040000002
39.8793612,-88.9529845
37.760833,-122.2461653
37.5292564,-122.2884222
37.79336869999999,-122.2679648
37.6993415,-122.4823902
37.6231821,-122.4109626
40.6722005,-75.2670648
42.4993291,-71.1241804
42.3479087,-71.5103158
42.2989879,-71.2322013
35.092428,-89.80597
34.96368090000001,-89.99076409999999
35.0480454,-89.8026996
47.7845974,-122.3442748
61.1854471,-149.8986598
43.2107895,-77.4596691
42.0950797,-72.72391209999999
38.780227,-77.5068477
61.1745192,-149.895354
33.8281477,-116.5459772
42.253164,-89.03254199999999
37.1238921,-113.6249387
40.3915897,-111.8361783
40.2971021,-111.695699
39.0786198,-108.5343782
30.5829549,-98.2710254
38.3203132,-122.2984889
43.2089607,-123.3436165
44.9162529,-93.26987799999999
39.05508349999999,-74.84156039999999
29.961482,-90.058842
42.0998472,-87.7681099
33.461319,-96.330228
33.6211102,-96.66136259999999
34.901479,-116.883484
47.52325399999999,-121.875382
43.7802641,-86.4330858
34.2270615,-119.1471684
39.9797389,-76.72689919999999
36.1111617,-86.74880979999999
40.759493,-73.9844234
32.7323391,-117.2383823
38.67522719999999,-121.263519
37.7702632,-122.4462897
33.60490410000001,-78.9718724
39.95437709999999,-75.1443489
29.8160808,-96.6695786
32.2654612,-95.4327581
32.270331,-95.43679709999999
32.8647035,-84.85397139999999
32.7762608,-79.97614279999999
38.9726069,-76.4815931
33.853475,-117.9972199
26.1197105,-80.105206
35.102705,-120.608755
35.1357501,-120.6253576
41.6556145,-70.2077499
42.1348609,-88.01723059999999
38.7293878,-120.800964
39.066606,-108.5637979
39.95437709999999,-75.1443489
41.4830683,-81.5899141
41.458995,-82.01753889999999
41.39381770000001,-81.4450911
41.462931,-81.46181899999999
40.967211,-79.96887500000001
41.9417377,-70.6219674
30.3381703,-97.9711762
40.78392040000001,-73.8455378
34.1403394,-118.0276575
36.8234039,-119.8250198
38.869702,-106.9855443
38.860949,-106.954084
42.41619559999999,-90.42875049999999
38.8585295,-104.9169178
38.0641696,-84.52130679999999
45.5273551,-122.687863
45.4955452,-122.8116827
45.5893574,-122.5933326
38.5481594,-122.8149973
43.5745415,-116.1541943
37.3076856,-121.900156
44.058194,-121.3145587
38.6114172,-122.8693234
37.2237081,-121.98358
39.7292026,-121.839816
36.807773,-119.692736
35.625538,-120.6889726
35.2814074,-120.6616101
37.89102099999999,-122.123124
33.570538,-117.7136939
39.2837947,-76.5920354
37.55425270000001,-77.48437849999999
37.821349,-121.9989987
45.512235,-122.6261684
30.299615,-89.746949
34.2585388,-118.53732
33.7660023,-84.3492586
33.917977,-84.3816969
38.9143029,-77.031638
42.4149154,-90.4297543
41.6529101,-82.8168953
34.5416194,-112.4704469
33.8123698,-116.5424445
33.0452756,-117.2939967
33.019521,-96.6994539
37.2949136,-121.9342921
42.46705499999999,-71.4563859
38.0537487,-78.49998730000002
38.0517829,-78.5034508
38.0308024,-78.4821959
37.8783019,-79.9231961
39.2058043,-106.9536371
38.6557546,-90.3042853
40.0165146,-83.0122068
40.02942609999999,-83.0156638
43.7229969,-70.23348949999999
41.3900008,-70.5144072
33.826232,-84.22449
43.128386,-89.68454600000001
39.7404048,-104.9757248
33.895279,-118.210054
45.5202293,-122.6822219
39.2974797,-84.2262681
47.6249672,-122.5116717
36.0984652,-94.1513457
39.753174,-94.801951
43.9164296,-69.9654872
47.6362651,-122.2778415
32.7101518,-117.1684039
38.7167789,-75.0784865
39.614299,-105.0167231
40.7420475,-73.9918194
42.1974248,-122.7158771
40.58436469999999,-80.0388389
30.2075085,-92.0160531
37.7593727,-122.3876057
37.9868075,-122.589283
37.8507544,-122.033688
37.7005227,-121.7429128
37.690792,-121.7456661
29.5364417,-95.06893389999999
44.303651,-120.847412
42.3762181,-85.4559926
40.7179084,-74.0033708
40.7673807,-73.9824125
40.7670044,-73.98222330000002
25.727884,-80.241006
40.7844796,-73.9740551
40.7491669,-73.9891134
40.7289623,-73.99335049999999
40.9566399,-74.0688694
40.6950636,-73.9952854
40.6952199,-73.9951009
40.7328283,-73.9871869
40.7773535,-73.9793517
40.7631448,-73.9597689
40.7739986,-73.9578433
40.7536222,-73.9865492
40.7414673,-74.0010283
40.78054220000001,-73.9531363
40.7869807,-73.9768253
40.8714065,-73.42615649999999
40.7452459,-73.99776349999999
40.805981,-73.9647256
40.767197,-73.9845023
40.7410648,-73.9811228
40.7493635,-73.98344399999999
40.7505338,-73.9826458
40.7310504,-73.9940834
40.7355215,-73.9978294
40.7845589,-73.97392769999999
40.9627933,-72.1856421
25.7905596,-80.1340584
40.7248026,-73.99704410000001
40.7358308,-73.99258499999999
40.7553577,-73.99159449999999
43.3237821,-83.7385722
32.082249,-81.09361899999999
29.9584416,-90.0615154
29.958568,-90.06149599999999
34.0036819,-118.4328922
46.8612162,-113.99864
37.2078239,-93.2942264
41.0680904,-73.8144404
40.9910547,-73.8227576
33.2528548,-97.1750255
33.8026344,-118.0723409
32.7832946,-96.807772
29.9580652,-90.06509679999999
37.0872919,-94.50863129999999
44.2226039,-72.547786
40.62117509999999,-73.9647438
26.4575375,-81.94307119999999
34.2520114,-119.2119099
42.5217208,-70.8932849
37.3270474,-122.3869094
32.7251522,-117.1442834
34.1134246,-117.6494651
32.0806786,-81.0949286
32.0806786,-81.0949286
40.7572939,-74.7278421
34.4136345,-119.6894577
29.718883,-98.12176
41.54049699999999,-82.723704
39.328731,-82.100897
40.727781,-73.99376199999999
45.6409188,-122.5709893
43.93242000000001,-103.5756636
30.3175475,-86.1291844
36.1617468,-86.776298
55.355493,-131.679728
39.6330163,-105.319444
47.5205874,-122.2625932
41.0310371,-111.9018634
47.1268373,-118.3808854
39.0777684,-76.5447918
37.7869601,-122.4173433
40.742234,-73.920479
44.021927,-92.494604
41.8296182,-71.4005932
40.4510796,-79.9345209
39.3538634,-76.6292549
39.523212,-85.776468
39.127076,-75.5329217
39.7896441,-75.5454929
39.7237228,-75.6585518
38.3553445,-75.60060299999999
39.88234380000001,-75.5284611
39.6338952,-75.6548821
38.0542066,-78.50044249999999
36.1026774,-86.8156259
37.80867300000001,-122.409821
43.3612715,-70.47789
37.310144,-108.295638
34.0836685,-118.3488858
40.439989,-74.18249689999999
48.115738,-122.754062
42.52148200000001,-70.893389
55.3508721,-131.669908
47.9118699,-116.7025628
32.9368277,-97.0786569
32.0805902,-81.087282
41.7536881,-124.1956544
41.7527146,-124.1966426
42.0327666,-97.41263099999999
41.1115447,-73.85823979999999
33.5098369,-112.0359788
26.7133082,-80.05082139999999
42.196789,-122.715834
33.4848355,-86.77372009999999
47.7575699,-122.2422537
39.2629031,-121.0186424
41.509896,-82.9252424
42.4147936,-71.3253182
41.0284041,-73.6254496
34.720332,-86.58490499999999
44.5810741,-123.2584275
31.4273061,-100.4606051
34.149975,-118.6601872
35.128371,-89.94570680000001
39.9870888,-105.1357096
44.81068399999999,-124.062141
29.779969,-95.11807329999999
29.652616,-95.249597
40.429079,-79.9832306
36.1329236,-95.9205122
34.3656457,-89.5183594
39.6225842,-105.0157365
35.376878,-97.554688
37.7864484,-122.4508198
40.0852467,-82.9279462
33.3930268,-104.5232976
34.0514583,-117.8099656
33.7867097,-84.41220249999999
33.730307,-84.11355999999999
32.803622,-117.1377934
29.4645403,-98.56391219999999
41.3091131,-89.0100817
40.7795963,-73.95639589999999
40.7693411,-73.96058359999999
28.4311577,-81.308083
40.45827269999999,-106.8050706
33.5613975,-117.6756869
40.8831944,-72.3916982
36.1294174,-97.0569316
41.079684,-85.14168599999999
38.4326292,-122.7437773
40.7208975,-74.26974940000001
39.5760932,-106.094389
46.350581,-124.0548538
35.1398482,-90.0522606
41.9447224,-87.6548778
39.0314891,-77.1043179
41.0063112,-73.6611353
36.1449594,-115.1943471
39.7216036,-104.9879017
40.8306565,-74.2061792
41.6680835,-70.2979713
39.2797758,-89.9017269
32.8265416,-109.7075764
39.2115544,-106.9457306
41.510814,-81.580324
35.1171322,-80.82450329999999
31.986736,-102.043032
42.684538,-83.37762719999999
41.031594,-73.770425
40.9284422,-73.85553019999999
43.113916,-71.89591109999999
32.7816553,-96.8072636
35.3331684,-119.0724206
40.1097013,-88.2307366
40.1974554,-85.40640069999999
39.1642516,-86.5156525
39.163982,-86.51751399999999
39.1721918,-120.1402255
39.2244615,-84.44037349999999
37.9064309,-122.5466364
30.4024147,-91.17158769999999
40.3173881,-111.7288425
32.1924661,-110.7887498
47.6250466,-122.3519167
37.9874631,-122.2647717
43.7124308,-88.9906445
55.348467,-131.6732125
35.491763,-82.98671499999999
30.3580481,-97.73182539999999
26.0787029,-97.2067484
40.4261851,-111.8875533
38.9364875,-77.1769143
36.1617468,-86.776298
47.38473,-122.690092
47.545196,-122.3349274
41.6529179,-82.8195697
35.1936579,-101.7551027
26.5222644,-82.18949359999999
29.8946368,-81.3131578
32.7985925,-117.2453535
38.6648475,-90.5427709
39.7997177,-89.64818989999999
41.7954058,-88.1270904
41.7495584,-88.20750489999999
41.56109010000001,-88.1344379
34.0244613,-84.36165679999999
38.444275,-122.6866587
41.4835751,-81.7676426
38.0474045,-84.4970735
37.379615,-122.1159205
21.2858164,-157.8130368
43.6258545,-116.2445163
36.3829014,-82.40949379999999
40.699513,-89.603999
42.816619,-73.9367104
42.7451461,-73.8635899
45.52419520000001,-122.6982336
42.03367,-91.59808749999999
46.7870289,-92.09754799999999
47.19035299999999,-122.249718
42.3186921,-72.6318107
36.1318933,-81.6782133
28.0470946,-82.738619
35.1142527,-89.9453869
40.648541,-73.15920489999999
26.2080103,-98.228498
39.6441891,-106.389823
37.5838419,-77.5132539
33.4892451,-111.6987469
44.35102699999999,-103.7680451
47.20591899999999,-122.5258479
35.8253684,-90.6687786
39.4117419,-123.354824
38.8060203,-77.0544845
32.8471518,-117.2749099
35.1623081,-114.576078
36.052392,-115.1690207
36.9742238,-122.0259044
34.1018188,-118.3369425
40.7691803,-73.9550041
47.594586,-120.6627054
37.1726617,-104.5203702
41.7339595,-72.1984611
41.283655,-70.098433
40.5837958,-122.3908213
42.2274399,-88.3254783
34.1911608,-82.1611937
39.786921,-75.696707
36.8853944,-89.5894134
42.8991608,-85.6865791
38.2918413,-122.4561756
39.6831778,-75.7483038
40.608573,-73.959034
33.601605,-84.335059
41.5519466,-70.6150162
41.1725116,-71.5552694
40.673516,-74.7492407
45.5122073,-122.6280742
35.6600167,-88.8563908
42.0524699,-73.42536369999999
33.4515277,-111.7479869
42.45107609999999,-79.30667679999999
41.8841113,-88.3092209
46.9952213,-120.5455425
40.8813922,-74.0670623
38.7384581,-82.9744339
38.7363,-82.99889999999999
36.343665,-82.3766605
40.797617,-124.175721
35.3466317,-94.33529399999999
42.0491196,-71.8835531
30.3217079,-81.5532827
35.7896277,-78.6602057
38.2991438,-85.5585327
39.0091386,-84.6267855
32.6149556,-83.6983973
43.5998417,-72.9729096
39.9567772,-85.9157737
37.9081715,-122.30695
39.1137202,-77.5654757
33.760647,-118.1893244
45.5164912,-122.6814021
44.0128719,-73.1691756
41.9194454,-87.677938
40.5797686,-111.8700478
45.5225499,-122.682258
45.5118207,-122.626888
40.0165876,-105.2822767
40.7973984,-77.8571278
33.3944877,-104.5225815
48.11450139999999,-122.75632
40.7241831,-73.998718
41.6419956,-91.5272909
40.9078279,-97.09856669999999
41.4552816,-70.5585399
41.8074596,-72.8267884
36.1319718,-95.96481519999999
39.58537099999999,-104.8818095
40.6770964,-99.0862543
41.285349,-70.098533
33.7891582,-84.38493509999999
44.6780642,-90.1623149
39.7940497,-75.7094858
39.2059036,-86.2465464
41.2563621,-74.3586025
42.110128,-86.48172199999999
42.2507797,-84.4064688
35.9743584,-86.56610119999999
35.93171,-86.53271099999999
47.62766209999999,-122.1649013
43.1191029,-124.4125271
43.6805861,-114.3655147
40.7626618,-73.9661753
40.7053326,-74.0133486
39.0297586,-95.74488319999999
42.1964735,-122.7145171
40.6090059,-111.9237367
33.7600905,-118.1918066
38.5824004,-121.5051013
32.7388482,-117.1770038
32.7473655,-117.1612737
32.7091303,-117.1707359
43.0779936,-75.2957713
26.1418674,-81.7963498
37.6687429,-113.0622446
38.6412826,-90.36781420000001
47.594586,-120.6627054
38.2367356,-85.7290321
33.012789,-117.098296
39.9831228,-105.2495361
34.08658250000001,-117.8867276
45.4679574,-122.7126231
34.3888104,-119.4872489
41.6729227,-73.07543000000001
35.2333764,-82.7346336
41.03075159999999,-111.9014732
32.9911619,-117.1522915
39.17912630000001,-86.5565407
39.0026228,-94.6312174
33.714916,-78.880602
33.7994345,-78.7368898
33.7036255,-78.92345329999999
37.4445296,-120.7932853
39.6816737,-104.9019112
41.9680622,-87.6877883
33.993695,-118.4796564
38.0680633,-122.8053238
38.7935571,-89.9506567
38.7946349,-89.95123310000001
41.6263805,-83.57797459999999
45.3974975,-122.2718096
45.3973604,-122.2714088
42.194368,-73.36244479999999
41.32630109999999,-87.2000142
41.31816,-111.948128
45.779521,-84.7258878
47.6906121,-122.3572923
38.9049104,-77.0637467
42.925113,-72.295526
35.927733,-79.026926
40.58681790000001,-105.0764116
44.5604464,-123.2620634
30.2956444,-97.7428916
42.76781889999999,-78.6087117
37.76436,-122.242264
42.49869220000001,-70.8561477
41.3729825,-71.9560175
42.2525488,-87.8407313
38.9660933,-95.2355235
39.074462,-94.5827152
32.7697748,-108.2768902
34.7567135,-92.4049319
41.96848019999999,-87.940257
40.8527929,-81.87369729999999
43.3610001,-70.4768694
40.7527615,-73.993042
29.7493651,-95.46024229999999
42.525784,-88.2698769
43.8204846,-71.2024433
33.8618111,-118.4006213
36.6164331,-121.899958
43.6576142,-70.2538697
47.6753812,-122.1305734
48.4210705,-122.3372106
36.105781,-115.1992733
34.2363949,-118.5351054
42.5216245,-70.89387049999999
42.5216245,-70.89387049999999
29.955009,-90.06887340000002
35.9056684,-78.60003929999999
41.72591920000001,-111.8377515
37.7642556,-122.4656926
44.95095190000001,-93.0881514
36.407848,-105.575008
30.481646,-90.956582
31.3230157,-89.35443409999999
30.4901006,-90.4835059
29.607374,-90.75033789999999
36.304963,-86.621437
31.3182264,-89.397133
40.794105,-77.8596531
40.074413,-75.16297999999999
40.7637063,-111.847567
40.2281195,-75.2584577
33.7739202,-117.9168373
38.9404056,-94.61063709999999
33.042522,-96.75439519999999
32.9552239,-96.88817089999999
42.0342395,-87.7598878
29.9608649,-95.54284249999999
28.67417099999999,-81.494528
39.5692728,-104.9050294
37.6773739,-113.0678022
39.8957291,-74.9408085
38.2808795,-122.2917225
38.3024981,-122.2770189
38.319836,-122.3109257
38.303027,-122.278607
38.5565187,-86.61381329999999
61.5856151,-149.3339265
40.758823,-73.979398
40.9401207,-73.8335847
40.9514575,-73.8170213
40.8663718,-73.3639503
41.1521948,-73.8291215
40.8703755,-73.42649329999999
39.1858836,-96.5768483
39.8287191,-84.8921366
40.2653607,-73.99663389999999
44.48275,-73.085106
44.5074279,-73.08225150000001
44.465249,-73.1835
27.641023,-80.381232
33.6180612,-117.9292351
37.32364219999999,-121.9295866
36.9728467,-122.0262559
30.4444413,-91.1337039
44.30655,-71.7732789
41.4289194,-73.57585759999999
37.3200487,-119.5573914
40.8342888,-73.0739542
39.3058588,-123.7987811
40.44484,-104.6976798
35.5976871,-82.553457
42.7546444,-71.4601682
30.4413878,-84.3253342
33.6426516,-117.933342
40.42376489999999,-86.9088407
39.8814028,-79.7378696
41.18227539999999,-80.7522262
38.8963539,-77.0264299
41.6803313,-69.9573085
26.1717579,-80.1547173
37.60355,-77.56072999999999
42.7094152,-73.20443329999999
33.6340708,-117.9155929
34.0619855,-118.3480456
31.1833788,-81.379091
41.0354236,-71.9438852
38.804199,-77.04163419999999
30.26765889999999,-97.74208259999999
30.2697174,-97.7420497
39.6405155,-106.3739005
34.2805432,-119.2922098
47.6629234,-122.312745
39.82099600000001,-75.615909
43.5946642,-89.7784957
28.3641184,-82.189101
36.21769990000001,-86.69792670000001
33.54718,-117.044756
47.043879,-122.9005142
43.1182706,-87.90238219999999
34.477903,-93.0578424
34.4835348,-93.0592614
42.5212302,-70.8983901
20.0225157,-155.6673306
39.7201289,-104.9531376
39.4011241,-76.5423204
38.3380648,-75.1102197
41.9159138,-71.90966080000001
44.2600497,-72.57619009999999
36.9827141,-122.022106
36.9817502,-121.9565514
44.9014724,-93.5884628
37.5523659,-77.4791843
40.6656709,-111.8887144
38.3662588,-93.7539099
41.0641804,-72.42827679999999
42.5037493,-83.06327449999999
40.825338,-73.952483
40.7635673,-73.97635199999999
40.043166,-76.306129
38.8358599,-104.823882
34.0734174,-117.5568016
34.1474897,-118.4208942
37.937428,-107.812185
40.7741821,-73.963499
33.5150051,-86.7738135
39.0408851,-94.59069629999999
43.61467649999999,-116.2860449
40.6221936,-111.8602329
41.1781307,-112.0047235
33.1753018,-97.14190789999999
40.2655395,-111.6869389
43.6169831,-116.3525542
40.62000829999999,-111.9829158
40.7215046,-111.8568715
40.6906133,-111.9579977
