33.0232892,-96.52020399999999
41.22074569999999,-111.9786
45.5286394,-122.6987349
44.9098152,-89.6064281
42.7182233,-88.999939
44.9531091,-91.0353276
44.7848433,-91.4596588
43.7850394,-88.4720189
30.183235,-96.937561
34.418872,-118.542557
47.6719801,-122.1162769
36.529967,-82.527396
39.011726,-94.576014
40.1204678,-74.89573
33.8730694,-118.3625028
44.3076781,-71.7524289
32.3098565,-106.7680349
31.84356,-106.5801647
31.7412978,-106.3289958
31.8955165,-106.4126703
32.6269466,-85.4478316
40.740934,-73.9918788
38.4533267,-122.7709052
32.0888244,-81.17727
39.1555905,-75.49832169999999
36.5548177,-121.921133
34.101597,-118.2992336
37.3790023,-122.1150948
31.767105,-106.370414
37.239003,-121.961965
26.707308,-80.104063
37.1247777,-122.1219443
39.2732796,-74.5762335
41.00673099999999,-81.555092
41.3733951,-71.9554435
33.9550885,-117.3963484
33.9956779,-117.965309
36.1432801,-86.3171279
42.439823,-123.3143148
31.276228,-92.47298400000001
39.5976519,-104.888375
38.8697363,-106.9850591
42.43943489999999,-76.4970759
36.1442756,-115.162746
American Halloween, LLC 9035 Hwy 61, Walls MS 38680 error:ZERO_RESULTS
47.6239903,-122.3505252
41.58788800000001,-93.640271
41.7732833,-88.15021820000001
46.62395799999999,-95.09358499999999
37.2747325,-107.8805094
45.522973,-122.6729514
41.570481,-93.70915099999999
32.7506304,-117.2111153
46.8729147,-96.7682615
47.0446608,-122.9014469
44.5565029,-69.63306949999999
41.4843649,-71.3151759
29.771888,-95.38976
43.8516197,-111.7724966
Artful Gifts 31976 Hilltop Blvd., Running Springs CA 92382-3655 error:ZERO_RESULTS
39.3848378,-76.5791916
40.614004,-75.367718
37.3796239,-122.1159506
33.789203,-84.372756
29.4989442,-98.6254179
36.7323819,-119.7837868
41.597367,-90.343786
29.89449,-81.31315099999999
29.89449,-81.31315099999999
40.4378359,-79.9206268
41.5106759,-81.58028399999999
38.6557546,-90.3042853
34.6658001,-120.1146817
48.49741849999999,-122.6123568
33.49275,-111.925844
42.3625055,-71.36433199999999
44.868047,-93.161801
29.7248408,-99.07221369999999
Backstage Costume 1780 Wilma Rudolph Blvd, Clarksville TN 37040 error:ZERO_RESULTS
33.7477843,-116.9701146
40.2154435,-74.0117776
30.5092381,-84.2532751
35.925832,-86.870806
37.9473399,-122.5476672
40.7166456,-74.0081306
41.97967209999999,-91.66491479999999
45.60982670000001,-123.1129896
29.9639599,-90.0433517
30.176881,-93.232997
38.9643142,-77.0757435
39.318982,-76.7438188
38.8983687,-77.1184784
39.06145,-77.12662499999999
42.9685129,-88.0469607
42.9685129,-88.0469607
43.0605382,-87.99951
43.1915649,-88.1420267
39.7293599,-121.8410786
43.3267393,-83.73992550000001
Bavarian Inn Frankenmuth 313 Main St, Frankfort MI 49635 error:ZERO_RESULTS
43.3267393,-83.73992550000001
38.8892041,-90.1718819
42.8283966,-78.75469
29.9547355,-90.0649179
30.517385,-86.46685760000001
Beach Basket Giftware 446 Harrison St., Sumas WA 98295 error:ZERO_RESULTS
27.778612,-82.64637599999999
42.042874,-124.264863
30.2313915,-92.0821113
44.3271939,-74.1307953
25.782861,-80.132126
29.7385948,-95.499646
40.7900671,-74.3133266
33.7386117,-118.28288
38.6107224,-122.8692941
47.675655,-122.130623
39.23308859999999,-121.0379042
47.860093,-121.9688453
47.1668561,-122.1480371
34.4358897,-119.8029142
37.8647739,-122.2588751
43.3604254,-70.4798783
26.190311,-81.799376
37.694602,-97.26069500000001
42.9737614,-78.6301836
36.98705,-121.963489
34.93034400000001,-120.437352
36.595379,-121.862842
37.756645,-122.251438
38.7922722,-121.2233508
36.672629,-121.654945
37.962746,-121.982428
38.353692,-122.7144812
35.2806871,-120.6624205
40.9439852,-73.8831944
29.8031388,-95.4007817
29.953412,-90.0686659
38.6266112,-122.8739858
35.193658,-101.755103
45.783835,-108.564494
39.72855,-121.840475
36.1460805,-115.2414593
37.2242883,-121.9832327
35.198789,-111.648066
29.8915626,-81.3102825
39.5991892,-119.8439455
34.0854712,-118.3836498
32.9523935,-96.90836039999999
40.72619299999999,-111.851199
42.2482584,-71.1728388
45.4672026,-123.8429538
39.0607485,-84.4501796
40.1008034,-123.7950101
38.45132,-78.868314
39.3307224,-82.10183889999999
38.0365181,-84.4933609
35.9655321,-83.92021439999999
35.9114548,-79.06062639999999
39.510251,-84.7436822
36.992977,-86.44195599999999
39.1666666,-86.52851059999999
36.144413,-115.158136
39.817094,-86.019302
41.730827,-111.835583
27.8668319,-82.6451654
36.9756556,-122.0259849
37.7401732,-122.4669777
Boom A Rang 221 - 225 N Main St, Gunnison CO 81230 error:UNKNOWN_ERROR
33.002681,-96.97736429999999
Boswells 3160 Santa Rita Rd, Pleasanton CA 94588 error:ZERO_RESULTS
37.9846984,-122.0670868
37.7825297,-121.9744692
37.8923192,-122.1151392
41.323015,-72.334785
45.2762972,-111.3338456
42.519097,-83.513049
45.3828757,-84.942576
38.9791012,-77.09927549999999
39.4778227,-106.0454921
38.811256,-91.14866099999999
43.8186702,-111.7824739
33.6456957,-117.9191929
42.68285909999999,-83.1954848
32.9420392,-97.0774564
29.717824,-95.41431
28.3310693,-81.5156892
38.9664197,-95.23609809999999
41.8532269,-87.6535002
45.5349146,-122.6485966
39.013723,-94.58971600000001
39.014282,-94.5925116
38.716491,-75.08014
27.9817602,-82.414934
35.7128548,-83.5137252
33.7199678,-116.3876568
32.837129,-117.1383475
35.7701152,-83.9909236
36.3434898,-82.3772008
28.8334402,-82.3284815
37.5523544,-77.4781125
40.7571359,-111.8725861
33.8008093,-117.9183553
33.8008093,-117.9183553
Calico Candle Co 53 Main St, Yermo CA 92398 error:ZERO_RESULTS
40.9465061,-90.3648802
47.6250918,-122.5183835
39.1712148,-86.5025943
42.3964737,-71.1233659
39.207329,-86.247737
25.9838168,-80.1663358
38.6649155,-121.2601916
39.1056142,-84.5173057
37.235442,-79.97124099999999
41.2143019,-80.7520025
32.7088764,-117.1707215
28.3578756,-81.49296129999999
40.8046167,-124.1228165
39.1911148,-106.8201171
34.6935746,-77.12825389999999
39.0224383,-76.4250002
34.9739677,-81.93053909999999
36.113044,-115.136901
35.3318533,-81.8908464
38.945305,-119.970475
39.4032078,-86.3574489
36.3798627,-82.370815
37.3009,-89.575243
38.4951632,-90.2985808
55.3423466,-131.6445632
35.5841606,-82.5281689
46.9986737,-120.5489356
47.6315736,-122.3754054
33.3625493,-111.912709
Chapel Hats 1540 S Disneyland Drive #102, Anaheim CA 92802 error:ZERO_RESULTS
28.371482,-81.517518
36.1221254,-115.1689906
36.0940829,-115.1758252
34.0660111,-83.9832076
41.2886446,-72.6933554
39.6438858,-106.3897518
42.43204859999999,-71.4531093
37.4528548,-122.1839557
41.4828436,-81.7677155
35.6172051,-82.32079630000001
41.9603735,-87.7459331
35.9327023,-79.02634239999999
35.9278461,-79.02732429999999
44.2734244,-88.4186401
38.9038919,-77.0409343
39.5120559,-119.8060425
42.3184623,-72.63159590000001
42.5913899,-88.436486
34.1520466,-118.3479028
42.3433769,-122.876795
36.1211735,-94.1207802
38.467058,-122.719871
45.989224,-118.38679
41.24078069999999,-81.8407496
47.8113752,-122.5398288
37.761306,-122.434894
41.9271108,-87.6416287
33.7659663,-84.34926809999999
47.6670183,-122.3841743
38.7923121,-123.0167357
35.7762843,-78.6382023
33.92593859999999,-117.4506348
29.8931348,-81.3132019
36.9935896,-94.5518539
45.5915224,-122.7564297
36.9699908,-122.0253359
34.7311,-87.7038252
40.15679799999999,-75.551752
41.9348906,-74.0215405
42.4568788,-71.357041
26.2502763,-98.22131929999999
37.7632093,-100.0332004
41.6524795,-72.8705634
30.0409078,-95.4868039
30.6711497,-81.4634837
36.1097553,-115.1738769
43.630273,-72.31858199999999
35.19466200000001,-80.789037
45.4864331,-122.8079918
38.9904115,-76.5465306
39.2228723,-84.281768
33.6181304,-117.7069561
42.9134025,-85.5980435
37.683767,-120.994565
28.5039898,-81.3766189
34.8400913,-82.35795689999999
Costume Depot 1617 Oak, Kansas City MO 64108 error:ZERO_RESULTS
39.0904569,-84.49292919999999
41.342613,-83.16448129999999
43.080669,-72.42668479999999
33.4618028,-88.8092091
32.5011029,-92.1234959
40.450145,-79.9867397
32.9353085,-96.8245676
32.7443399,-97.0795682
39.8253621,-86.15935999999999
33.812499,-84.359275
42.7732132,-71.4452378
37.7715374,-122.4342922
45.0268564,-93.0185463
35.6628076,-105.9652799
47.7097791,-122.318053
35.133761,-89.796084
43.325493,-83.740157
38.774307,-76.076353
38.247005,-122.6449342
38.4720246,-122.730997
43.574569,-116.154241
43.618482,-116.2118831
43.599382,-116.213143
37.0865084,-88.59832229999999
47.6187524,-122.1307537
39.51841599999999,-119.809558
39.57989800000001,-105.98999
41.3439605,-92.2101842
44.0297431,-92.4710982
45.3752281,-84.9557835
34.76491,-92.309714
37.973098,-122.529136
44.078853,-103.250316
40.116032,-88.23853299999999
33.0255836,-96.71084739999999
38.9357569,-77.0736862
30.3180353,-95.4758473
44.8343852,-87.3767295
30.0710188,-95.4689753
34.1682336,-118.3454575
37.89616770000001,-122.0593987
37.89616770000001,-122.0593987
40.8122022,-96.7034043
39.88916,-75.299576
36.5538873,-121.9221059
40.01774,-75.041367
39.425412,-87.42330799999999
34.09609100000001,-117.7177389
Delicate Illusions 1857 S Coast Highway, Laguna Beach CA 92651 error:ZERO_RESULTS
41.5709788,-93.70871389999999
37.3945279,-122.0974498
37.5488866,-122.3112813
37.6995964,-122.4826981
37.25308440000001,-121.8777855
37.50505700000001,-122.2596155
36.3060582,-94.1877262
33.39276,-111.679828
38.438071,-122.719871
39.741202,-105.1076106
34.1014021,-118.3397966
47.7097791,-122.318053
37.770115,-122.447841
44.763938,-85.6235631
35.599981,-87.06433299999999
Dock Street Trading Co. LLC 41 Dock Street, Edgartown MA 02539 error:ZERO_RESULTS
43.2147327,-71.5293922
61.2073892,-149.8689974
40.63769,-73.98536899999999
30.3580251,-97.7328015
28.436227,-81.471992
39.3282022,-120.1847407
40.5878768,-75.4744546
33.9566697,-84.332841
40.77724800000001,-73.96163299999999
35.965464,-83.919252
41.8733654,-80.1315608
33.465499,-112.081142
36.85595410000001,-76.1486192
46.7319212,-116.9990572
38.8913721,-77.1856964
42.7844645,-83.2400988
33.9520634,-84.5498045
38.8536468,-94.7801202
36.088799,-95.90486
33.8594983,-118.3990662
41.1414704,-81.3590833
43.2194959,-87.9249011
41.1470808,-73.49309339999999
28.5757809,-81.3897519
Empire Drug Co. Inc. 6652 Front Street, Forestville CA 95436 error:ZERO_RESULTS
45.78110720000001,-84.7278001
37.7042586,-121.9359562
37.7042586,-121.9359562
34.1724701,-118.5442115
38.5824342,-121.5052594
47.6736069,-117.4099188
40.2787029,-78.8603766
47.496087,-122.2055759
47.670244,-122.1112475
43.619697,-116.213043
38.975157,-77.010926
24.5606673,-81.8050324
28.5667809,-81.4028158
37.775623,-122.401399
37.0389101,-76.4571354
37.7739446,-122.41116
38.3279639,-77.46676149999999
37.3096117,-79.9499057
35.3746107,-119.0244067
30.523313,-87.9038487
43.2537262,-77.6666206
41.695056,-70.15044999999999
41.6570798,-70.34788
26.167051,-80.135655
29.9601503,-90.0626511
45.5209498,-122.68035
Firefly Lane 110 Hall Street, Monroe LA 71201 error:ZERO_RESULTS
47.44335090000001,-122.3028329
47.5740624,-122.3353354
47.6621691,-122.2993655
47.6121504,-122.3375118
47.4588731,-122.2596755
Fireworks Galleries LLC NE 8th & Bellevue Way, Bellevue WA 98004 error:ZERO_RESULTS
30.6462001,-91.1502826
34.741374,-92.280247
35.8666651,-78.5757431
33.1613146,-117.3489191
34.204295,-118.200754
21.3146109,-157.8663559
44.4293931,-68.9758114
35.5420315,-79.1903233
27.9446632,-82.79968079999999
41.9153593,-71.9094969
Flying Monkee 9272 Jeronimo Road Suite 109, Irvine CA 92618 error:ZERO_RESULTS
43.5853309,-72.962372
39.706604,-75.114586
39.267878,-76.795506
46.1892483,-123.8312381
44.8578556,-92.6261785
41.1401343,-79.6784826
39.8211986,-84.02026959999999
40.8326195,-73.8275574
29.7455411,-95.3505508
48.1115393,-123.4118052
44.6326623,-86.24090919999999
40.9966405,-75.1828287
41.4977903,-90.55741259999999
42.284415,-83.728892
47.6064218,-122.3328086
39.6923158,-105.3591948
33.101639,-96.802246
39.3922526,-74.5609042
32.8232194,-96.7895631
40.2653729,-73.9966226
39.6680886,-75.7780922
33.423449,-111.7698968
41.7100894,-86.1840362
39.0223042,-94.7272017
29.9604847,-90.059722
39.920423,-104.99753
32.9797277,-96.5912803
41.1251405,-112.0265504
40.4625119,-99.24926099999999
29.9243431,-90.0861717
42.8437345,-70.8790989
Fusion SP LLC 6421 N. 10th Street #150, McAllen TX 78504 error:ZERO_RESULTS
40.8758424,-73.59764109999999
43.0773772,-70.7573547
38.941714,-119.9777591
28.3795005,-81.5048518
28.333724,-81.516301
Gala Enterprises of Central FL 7733 W Irlo Bronson Hwy, Kissimmee FL 34747 error:ZERO_RESULTS
28.40589,-81.474482
41.8829418,-88.3084751
38.407184,-122.9481245
32.2206784,-110.8432317
33.78741249999999,-117.8124817
34.1727786,-118.3313484
39.687388,-123.482039
39.0305884,-77.0758501
32.8509042,-97.109703
29.9383901,-95.5803493
44.5232,-89.583
41.0564089,-80.5877581
29.4643429,-98.463943
47.9767283,-122.218368
28.356811,-81.4951279
28.356811,-81.4951279
38.4059704,-121.3711126
39.841945,-88.9554069
45.6741057,-111.0761639
30.2790446,-86.01713889999999
GKC Inc dba 2000 Degrees 202 W. College Ave, State College PA 16801 error:ZERO_RESULTS
38.45178569999999,-78.8682695
34.1536992,-118.2719926
44.1110503,-123.1811548
41.8997594,-87.624969
42.2048202,-83.149017
38.9857033,-77.5368593
40.80428200000001,-124.169243
43.2970991,-87.9879816
41.2963189,-81.833291
42.629407,-70.63905299999999
48.2066258,-101.3126775
43.3292689,-83.7392587
40.90023559999999,-74.1184974
35.043315,-90.0254099
24.5532791,-81.80069069999999
38.636659,-121.322557
39.64088,-84.289007
40.6958027,-80.3027575
45.3751376,-84.9570212
27.834054,-97.059413
42.3647541,-71.1066823
44.7466145,-85.63670019999999
45.6795479,-111.035193
35.2216833,-80.8189257
37.8267243,-122.251819
33.3925321,-111.8621663
29.7385892,-98.1039886
45.55094889999999,-122.6754175
40.7209936,-73.99656039999999
37.7701352,-122.4451154
32.763553,-117.0219758
41.507617,-71.71562
Hallmark Retail, LLC 8600 NE Underground Dr., Kansas City MO 641619 error:ZERO_RESULTS
40.7323572,-73.9904665
40.7323572,-73.9904665
33.6432303,-117.9180118
26.5858327,-81.8725298
28.4468018,-81.40261919999999
34.170582,-118.339838
45.49041829999999,-122.7948009
27.7381108,-97.3874452
41.114379,-73.416178
47.6055265,-122.3403382
33.8216936,-116.5470465
34.240644,-119.2646175
34.5946154,-120.1393889
34.4179385,-119.6974509
33.740074,-116.4103067
Harbor Hatter/Hats Unlimited 955 Prospect Street Suite D, La Jolla CA 92037 error:ZERO_RESULTS
45.1275698,-87.2454648
47.59457500000001,-120.662671
33.8089423,-78.7107698
39.1162978,-94.6437239
40.622604,-74.0256845
Heart of a Child 39179 South Highway 1 Suite E, Gualala CA 95445 error:ZERO_RESULTS
37.7390245,-122.416927
38.233554,-122.640898
45.526574,-122.5856457
26.1845713,-97.7388694
34.0890845,-118.6029691
High Country Leathers 518 Main St, Ouray CO 81427 error:ZERO_RESULTS
34.0031444,-81.0174609
44.04506139999999,-123.0640493
44.04071889999999,-123.0900697
32.7942041,-79.9921751
34.1013907,-118.3389724
34.1013907,-118.3389724
34.1013593,-118.3333842
45.5294742,-122.6375666
44.478863,-73.212327
35.597788,-82.553471
HOPE 272 Newbury Street Suite 1, Boston MA 02116 error:ZERO_RESULTS
45.2083263,-123.1982038
37.4867178,-122.2350182
27.9761057,-82.7541394
30.0055576,-90.2409571
41.2720806,-95.9900266
34.1014736,-118.3274363
46.8720043,-113.9943761
38.6390989,-90.3891565
38.6390989,-90.3891565
33.719458,-78.92771599999999
45.6375142,-89.4126059
45.8712542,-89.7105541
35.1982252,-111.648419
39.1442291,-123.2036694
37.4635843,-122.4304771
46.0670831,-118.3391653
28.4633459,-81.4526648
33.874742,-117.9244788
33.3427997,-118.3244054
41.2741053,-70.0941692
25.9259689,-81.6486056
34.176705,-86.841623
38.7412442,-89.67900560000001
42.10443799999999,-70.802588
41.675348,-70.30323
42.2035515,-70.954079
42.2983059,-71.3927776
37.8304012,-122.246807
50.927054,11.5892372
42.835966,-71.64993
40.3480815,-75.03361699999999
32.7034329,-114.5973566
37.904924,-78.34132699999999
34.0532005,-118.4659711
42.4784431,-88.0965233
26.2067725,-98.2390296
29.6914035,-95.1891295
42.386075,-71.119485
42.553711,-70.96116599999999
42.5858733,-71.1149836
30.3973581,-88.89249269999999
40.72424789999999,-73.98830079999999
39.5154884,-119.8076415
33.9571782,-83.3786452
38.879311,-94.819677
41.6264106,-81.4296844
38.932856,-74.92288309999999
38.9327794,-74.92216379999999
27.7857344,-82.7820162
29.98715259999999,-90.2708189
38.5360653,-105.9922331
39.0319194,-94.469869
36.167298,-115.1387874
40.4513528,-79.9328862
40.7577754,-73.9906776
45.6175982,-122.5345098
47.1270996,-88.5799064
37.453569,-122.182167
24.557939,-81.80757539999999
45.512186,-122.628363
32.2440446,-110.8929956
47.6624214,-122.2987712
38.775238,-75.13990199999999
41.0005499,-72.2949299
30.3943124,-86.59168
30.3944585,-86.5126791
Kitty Hawk Kites (Stores) 306 W. Lake Dr. Unit K, Kill Devil Hills NC 27948 error:ZERO_RESULTS
35.091902,-89.8040784
35.1503561,-89.8944721
Knowledge Tree 8195 Dexter Road Suite 115, Cordova TN 38016 error:ZERO_RESULTS
34.758991,-92.340583
34.961318,-90.0068416
41.236665,-80.46300889999999
37.8105389,-122.4103574
34.205225,-118.201258
25.7660495,-80.2170706
27.960337,-82.4412566
34.1013404,-118.3319275
38.6375389,-90.39095979999999
47.168179,-122.517491
25.132305,-80.40621399999999
44.301984,-92.003363
29.689054,-95.22059499999999
46.5861409,-112.0401028
29.9611791,-90.0586227
29.9735017,-90.1458205
30.3093457,-97.94199210000001
31.1131857,-97.74439799999999
40.531139,-105.080196
42.4388715,-76.49986539999999
37.3997293,-79.2110125
27.9250487,-82.5061159
44.30655,-71.773279
38.4730171,-77.9948969
40.80846,-73.237252
42.019212,-87.6689574
Love Saves The Day, CTD 1 South Main Street, New Hope PA 18938 error:ZERO_RESULTS
41.9445416,-85.6336037
27.004366,-82.13077
37.6907471,-97.32976509999999
30.248712,-97.75034699999999
40.4162883,-3.7033725
44.9403345,-123.0391509
39.07467159999999,-108.5712121
47.6084816,-122.3409729
33.140127,-96.105015
32.7390237,-97.3524149
42.3383133,-122.869777
44.733316,-85.5947793
25.7738005,-80.1891181
30.286639,-81.578582
34.0265973,-118.4554602
Make Believin' 2709 S. Queen Street Suite 11, York PA 17403 error:ZERO_RESULTS
43.0275697,-89.4014136
41.2292904,-96.0415149
33.5219129,-111.8998009
42.04988789999999,-70.1882038
30.392354,-87.261882
29.9585783,-90.0637701
26.0104909,-80.203706
36.2103306,-81.7815644
39.411972,-123.354793
30.2059382,-93.2183465
39.5139289,-119.8073304
45.5121579,-122.6280976
25.7332445,-80.3019337
29.9302454,-90.0752984
43.02185739999999,-87.91159420000001
34.2780846,-118.8732428
35.9994506,-78.9094853
41.184146,-81.509292
35.135889,-89.99225799999999
38.6111369,-122.86957
37.8810229,-122.273759
45.3659735,-122.8448842
36.1620074,-75.75156400000002
38.476288,-122.737678
41.285198,-70.100312
32.6632085,-117.10913
40.3636567,-105.5428331
29.9469519,-90.07029899999999
41.1415017,-95.9740841
41.60167999999999,-93.754921
41.2358784,-96.101519
40.8807954,-74.2958383
Norcostco Inc GA 2089 Monroe Dr NE, Atlanta GA 30324-4891 error:ZERO_RESULTS
32.797358,-96.8342009
44.5639072,-123.2614399
47.255638,-122.4679842
42.1979931,-122.7137438
47.23413670000001,-122.4549896
Nyea's Party Store 14549 Jefferson Davis Hwy, Woodbridge VA 22191 error:ZERO_RESULTS
47.0078902,-124.1649641
35.08042,-106.610298
44.4761241,-73.2119565
30.271782,-98.86798080000001
30.22637199999999,-92.01803500000001
30.05071479999999,-95.237639
41.4816911,-81.83595299999999
37.7452194,-122.4269854
Orchard Nursery 2446 Estand Way, Pleasant Hill CA 94523 error:ZERO_RESULTS
38.5018123,-122.9996855
31.2117996,-85.41747459999999
38.4056723,-122.8381064
34.1869046,-79.8112451
38.4841318,-82.6545684
47.62068499999999,-122.321238
48.7206053,-122.5038036
43.62276190000001,-84.22356649999999
32.5441116,-94.74964670000001
32.5441116,-94.74964670000001
34.584335,-92.569168
41.576809,-71.0909812
42.8115113,-70.8693169
49.214261,3.607551
45.7507494,-108.613365
45.7507494,-108.613365
45.7507494,-108.613365
45.7507494,-108.613365
45.7507494,-108.613365
45.7507494,-108.613365
45.7507494,-108.613365
45.7507494,-108.613365
45.7507494,-108.613365
45.7507494,-108.613365
45.7507494,-108.613365
31.2539147,-85.42891759999999
30.1914373,-85.6704268
35.4840818,-82.5278756
40.8814035,-74.0669449
42.7573857,-71.2129006
32.4097449,-88.70334749999999
37.2114214,-80.3993567
34.576562,-86.977004
39.6322184,-106.5183515
40.3379959,-74.0644447
41.2924251,-73.4930091
41.5567086,-73.41973709999999
41.3886868,-73.4324615
41.4303459,-73.4162663
44.3096275,-96.79842389999999
38.7444113,-77.2005968
47.3882314,-122.0424689
Party Exchange 1201 Upsala Road, Sanford FL 32771 error:ZERO_RESULTS
Party Exchange 231 W. Peace St., Canton MS 39046 error:ZERO_RESULTS
Party Exchange 2426 S.Volusia Ave, Orange City FL 32763 error:ZERO_RESULTS
40.781018,-74.695314
40.2760849,-74.5374836
40.23422300000001,-74.68644429999999
40.4030691,-74.12298990000001
40.90348609999999,-74.548225
45.435168,-122.7519155
40.8357719,-74.2248237
40.42080079999999,-74.5773292
40.4565382,-74.3984816
40.283893,-74.292683
40.1745036,-74.2409551
39.6970295,-74.2699062
40.2636135,-74.0434705
41.0680132,-74.1387795
39.9649553,-74.20206449999999
35.390543,-97.542244
35.606947,-97.55329599999999
35.216856,-97.4752661
35.606947,-97.55329599999999
35.45580229999999,-97.40659749999999
35.468031,-97.618319
35.6218697,-97.4832438
35.5591941,-97.63887280000002
36.13015,-97.05715699999999
41.1381899,-73.34421200000001
37.8688286,-122.2575442
40.7437577,-74.15525989999999
32.4243025,-81.7917512
38.6866136,-90.4038794
40.17458,-111.611145
40.391429,-111.836246
40.2961556,-111.6971397
37.1241515,-113.6254169
39.9553395,-74.1639336
33.652267,-78.983327
33.652267,-78.983327
30.7593996,-98.24192649999999
33.172383,-87.545984
38.9196467,-77.2365332
39.281514,-76.8565292
38.9010903,-77.26621999999999
38.9889497,-77.09807409999999
44.954949,-122.985286
Party Metro 2625 Donaghey Ave., Suite 110, Conway AR 72032 error:ZERO_RESULTS
33.5027087,-82.08734679999999
33.5027087,-82.08734679999999
33.5027087,-82.08734679999999
41.1026001,-80.774524
41.2175318,-80.74611300000001
33.6307915,-84.016418
35.103496,-84.01494
47.68178640000001,-117.4117913
45.19757600000001,-93.388356
38.2216041,-85.5835719
30.4190667,-91.0897487
33.8581569,-117.7914482
33.6142267,-111.927217
41.0247946,-80.667209
41.0548841,-83.61008509999999
41.4184215,-82.1392759
40.849201,-81.4222954
41.4091919,-82.66563699999999
41.5205714,-81.45789549999999
41.377835,-81.790638
41.6543278,-81.3759651
40.797611,-124.175423
32.8038765,-79.8886174
33.63647,-112.3578647
33.5349819,-101.871063
34.067404,-117.215838
37.7170326,-85.8762924
42.507233,-94.171081
30.2606688,-81.6248415
40.5430044,-74.20679419999999
30.1930017,-81.548616
34.2908585,-83.842393
39.1004125,-84.4878646
36.1629368,-115.2906973
34.7875471,-77.39907629999999
36.1426677,-115.2245294
42.161693,-76.879162
42.161693,-76.879162
33.942844,-78.028122
30.4163521,-91.0722524
39.0092623,-84.62724730000001
39.8793612,-88.9529845
35.0186977,-89.7189367
35.2009069,-89.79465630000001
34.3050415,-88.70638389999999
35.1004869,-89.8665481
34.963949,-89.99062699999999
35.1004869,-89.8665481
35.047956,-89.8025787
35.2009069,-89.79465630000001
61.1854471,-149.8986598
38.780227,-77.5068477
38.780227,-77.5068477
38.780227,-77.5068477
29.5693123,-95.57073299999999
35.5679096,-77.3571154
31.1191122,-97.8986991
28.152624,-82.352409
39.0551017,-74.8415778
45.4679183,-122.7136889
39.4813909,-106.0462856
25.9131841,-80.3113348
34.9014758,-116.8834377
38.1817863,-121.2632079
35.2333764,-82.7346336
41.46227030000001,-81.0738173
36.1109717,-86.7489488
42.5835961,-88.50098799999999
PGC-PCI San Diego LLC 5141 Santa Fe Ave, San Diego CA 92109 error:ZERO_RESULTS
40.37667,-105.5223439
38.6310891,-90.5165792
40.7206716,-111.8582806
45.5540611,-122.835329
43.0772407,-70.7538307
37.7701934,-122.4462945
37.80756830000001,-122.4155586
39.954377,-75.14434899999999
42.85017,-85.864162
27.9861162,-82.50989109999999
41.6502686,-70.220602
42.096146,-87.95582000000002
38.7293878,-120.8009646
33.8338868,-118.3156439
25.7326125,-80.3445945
41.5773454,-73.41222119999999
40.967211,-79.96887500000001
42.557215,-114.472541
34.14024000000001,-118.027667
39.51878749999999,-119.809993
42.413667,-90.43019
34.686897,-77.11876699999999
38.0646361,-84.5208569
34.048606,-118.240557
42.851313,-72.558387
45.5416685,-122.7100458
37.307596,-121.9001191
44.058194,-121.3145587
37.850988,-122.2525986
37.2237082,-121.98358
38.5481621,-122.8149616
37.891212,-122.1231271
33.7592052,-118.1331462
37.554221,-77.484416
45.512235,-122.6261684
47.6251171,-122.5186982
38.5741469,-121.474271
45.229041,-94.002945
29.960223,-90.062969
40.5696649,-74.6127753
32.8404516,-79.85574199999999
38.344256,-85.617688
33.7660709,-84.34918479999999
33.7660709,-84.34918479999999
40.6211782,-73.96474529999999
34.5416194,-112.4704469
35.8385145,-78.6448158
33.0452756,-117.2939967
35.2067942,-97.4771847
37.2701906,-76.7059263
38.0308554,-78.4821438
38.0308554,-78.4821438
41.0455978,-80.6632437
40.5254236,-81.47417159999999
43.72298,-70.234496
35.197508,-111.648633
38.7977038,-104.75895
32.227106,-110.965845
44.9125989,-116.0959999
41.599069,-90.3434619
34.361888,-89.562659
36.625979,-93.28123
Red Headed Witches 1910 Del Prado Blvd S, Suite A, Cape Coral FL 33990 error:ZERO_RESULTS
47.63612699999999,-122.2778283
39.6827603,-104.9873775
39.6143002,-105.016723
38.60722639999999,-90.2073338
42.52218939999999,-70.8908888
40.7356929,-73.99421339999999
42.197435,-122.715875
40.5847057,-80.03964309999999
37.769627,-122.447668
37.2817872,-76.7228842
36.9714439,-122.0252047
47.558391,-122.285594
Retro-Fitt Boutique 5253 International Dr, #A, Orlando FL 32819 error:ZERO_RESULTS
42.460189,-71.3499482
44.33802120000001,-75.91784040000002
29.958568,-90.06149599999999
27.9602781,-82.7153215
34.0037676,-118.4329014
46.8613236,-113.9984699
43.1105807,-87.9160855
39.650464,-74.17662399999999
28.4689004,-81.44868989999999
24.560263,-81.805938
33.7979136,-78.74329139999999
26.488606,-81.789394
30.2157027,-85.8762427
33.7174952,-78.8828135
26.15589,-80.316684
28.3550957,-80.6112236
40.905715,-73.02609
33.2522976,-97.1755488
37.0276565,-100.9223475
44.222421,-72.5477715
34.1692687,-118.1218893
34.1839852,-118.3126103
45.258783,-92.985114
43.074671,-89.39247499999999
33.0991725,-96.8070025
30.196082,-95.451329
32.9042401,-97.3136176
29.7875855,-95.5345711
44.0455196,-123.0890924
39.0931439,-94.41535549999999
40.7572939,-74.7278421
40.169936,-74.836023
32.6870587,-117.1794375
40.7391368,-74.001806
47.5205774,-122.2625947
44.562124,-123.2623527
37.7870729,-122.4173385
SFO Forecast Inc 301 5th Avenue, Suite 101, San Diego CA 92101 error:ZERO_RESULTS
37.80780620000001,-122.4206125
44.0218947,-92.4946386
40.4510796,-79.9345209
28.3138038,-81.4667336
34.1717979,-118.563852
39.3539068,-76.62951290000001
44.380394,-73.22706600000001
SheShe on High 321 High Street, Chestertown MD 21620 error:ZERO_RESULTS
36.102772,-86.8155498
30.1785573,-85.80800479999999
43.3615157,-70.477807
37.3002641,-107.8475226
55.3483605,-131.6732867
37.810564,-122.245511
34.1015193,-118.2977336
29.6776237,-82.34028750000002
39.5156002,-119.8083864
41.75191,-124.197988
41.75191,-124.197988
59.7196318,10.8358795
42.1968669,-122.7156839
35.90546370000001,-84.1086399
46.3200077,-117.9805629
36.1327558,-95.96532719999999
32.7263476,-117.130011
37.0024584,-88.23457909999999
38.5822633,-121.5050388
39.2628884,-121.0185666
42.4147936,-71.3253182
38.956929,-85.8880604
28.3859255,-81.5062601
41.0284041,-73.6254496
45.0031031,-93.1676768
29.9492283,-90.0744014
40.078307,-75.2082174
Space Corner Edwin Enterprise 3950 S. Terminal Road, Houston TX 77032 error:ZERO_RESULTS
29.9950763,-90.1566421
37.7829233,-122.4605015
41.0308578,-74.6355755
44.551055,-123.300614
39.68976929999999,-84.14540989999999
40.1500177,-84.21675019999999
35.56333,-121.082571
48.0405247,-122.4076199
34.3662312,-89.5180993
43.60137900000001,-83.889726
39.6225052,-105.0154325
51.11052429999999,-112.9822923
36.13110229999999,-115.1895849
33.786847,-84.412026
40.0852346,-82.927875
29.464539,-98.56387199999999
34.156123,-118.132518
42.1091093,-86.48225630000002
40.4857583,-106.8340295
40.4857583,-106.8340295
38.9527637,-77.44780349999999
Stellar Partners, Inc. George Bush Int'l Airport, Houston TX 77032 error:ZERO_RESULTS
27.9973426,-82.5489339
Stellar Partners, Inc. Charlotte - Douglas Airport, Charlotte NC 28208 error:ZERO_RESULTS
27.9973426,-82.5489339
25.7935959,-80.2752304
28.4269942,-81.3018748
Stellar Partners, Inc. JFK Int'l Airport, Jamaica NY 11430 error:ZERO_RESULTS
28.4269942,-81.3018748
39.8755269,-75.2495801
29.946424,-95.3325661
38.952756,-77.4486589
40.8835655,-72.3920057
41.0796089,-85.14145549999999
39.5760876,-106.0943881
40.6101528,-111.9234468
35.1397622,-90.05230730000001
38.0011986,-84.52540169999999
30.185999,-81.554136
39.23585629999999,-120.0212589
41.6710948,-70.30140349999999
38.9437972,-77.0777092
48.1142397,-122.7569016
39.21151,-106.945477
41.285349,-70.098533
38.7667923,-123.529621
37.972224,-122.562008
26.7198646,-80.03748130000001
37.85790679999999,-122.2528485
Swoozie's 100 W Higgins Rd, Barrington IL 60010 error:ZERO_RESULTS
34.8275215,-82.2997246
26.8477783,-80.0934019
26.3656664,-80.1125994
Swoozie's 14225 95th Ave, Orland Park IL 60462 error:ZERO_RESULTS
Swoozie's 1431 E Southlake Boulevard, Southlake TX 76092 error:ZERO_RESULTS
39.7253181,-104.9538141
33.8002427,-84.3922532
Swoozie's 2005 B E Park Place, El Segundo CA 90245 error:ZERO_RESULTS
35.1474698,-80.8329914
Swoozie's 23190 Fashion Dr, Estero FL 33928 error:ZERO_RESULTS
Swoozie's 3041 Butterfield Road, Oak Brook IL 60523 error:ZERO_RESULTS
36.0869721,-79.83895799999999
Swoozie's 3625 Dallas Hwy, Atlanta GA 30064 error:ZERO_RESULTS
Swoozie's 3761 Sumner Road, Raleigh NC 27616 error:ZERO_RESULTS
Swoozie's 4015 Hillsboro Pike, Nashville TN 37215 error:ZERO_RESULTS
Swoozie's 420 Woodburn Road, Raleigh NC 27605 error:ZERO_RESULTS
33.8716486,-84.3805063
41.7545649,-87.9117979
Swoozie's 4630 Merchants Park Circle, Collierville TN 38017 error:ZERO_RESULTS
30.2527386,-81.53151009999999
30.2527386,-81.53151009999999
33.8002427,-84.3922532
33.9824968,-84.21570659999999
35.1474698,-80.8329914
Swoozie's 6814 Main Street, Wilmington NC 28405 error:ZERO_RESULTS
Swoozie's 7001 Fayetteville Road, Durham NC 27713 error:ZERO_RESULTS
Swoozie's 7135 E Camelback Road, Scottsdale AZ 85251 error:ZERO_RESULTS
32.8648104,-96.8032087
Swoozie's 902 Market Street, Allen TX 75013 error:ZERO_RESULTS
Swoozie's 913 Garden Park Drive, Allen TX 75013 error:ZERO_RESULTS
Swoozie's 9595 Six Pines, Woodlands TX 77380 error:ZERO_RESULTS
35.1474698,-80.8329914
47.2445438,-122.3578703
39.2244615,-84.44037349999999
39.7400223,-104.95664
28.7987038,-81.6447118
30.357781,-97.73164249999999
37.7929955,-122.4210703
29.750978,-95.3916862
32.7707561,-96.87123729999999
33.1973652,-96.6133741
40.0933802,-83.0828468
38.8004579,-77.12669369999999
38.936815,-77.176563
The Atrium Gift Shop 11100 Euclid Ave, Cleveland OH 44106 error:ZERO_RESULTS
40.3098415,-79.6334971
The Barefoot Boy/Superchicken 109 S. C Street, Virginia City NV 89440 error:ZERO_RESULTS
30.2458639,-97.73180389999999
34.2351238,-77.949434
37.7698021,-122.4494117
26.5222644,-82.18949359999999
37.685186,-97.24345300000002
43.8517407,-69.6273033
57.049483,-135.3346436
30.00669319999999,-95.5479132
42.142378,-70.952975
42.5987691,-74.3356525
40.4667451,-106.8234044
32.5920858,-83.6143871
40.699513,-89.6039985
42.7451393,-73.8636281
37.1184346,-79.7202969
44.9409289,-123.0387617
29.4984731,-95.4434668
37.8636161,-122.2582989
40.4087718,-80.08465749999999
33.8292015,-84.36394469999999
26.2080103,-98.228498
39.9863412,-83.00505609999999
39.9863412,-83.00505609999999
42.3658911,-71.0929366
40.5802956,-73.8377127
35.82536899999999,-90.6687974
28.3611664,-81.6518074
36.9742238,-122.0259044
35.1627104,-114.5759704
36.1474542,-115.1553815
28.8109245,-81.8781377
41.2835584,-70.0985378
33.766789,-84.34961899999999
42.8991312,-85.6865275
45.5156174,-122.6651746
48.7520563,-122.4804554
42.079681,-78.4293299
41.884143,-88.309038
47.8106711,-122.3781332
The Party Center, Inc. y1716 Highway 78 East, Suite 5, Oxford AL 36203 error:ZERO_RESULTS
44.69871750000001,-73.47786339999999
38.019552,-121.297173
The Party Guys/Grand Events 3250 Dale Rd Ste 1, Modesto CA 95350 error:ZERO_RESULTS
37.7060997,-120.9956963
42.5563055,-71.26369059999999
35.3697401,-94.37478229999999
36.3097467,-94.1780139
36.5826522,-87.3018936
38.0627959,-78.48760209999999
47.820667,-122.297371
32.614846,-83.69783840000001
40.840757,-74.278525
40.7253232,-73.6350863
32.5176872,-95.40894109999999
29.89327119999999,-81.31328909999999
37.7595534,-122.4216085
33.7604714,-118.1915572
38.858515,-104.91692
38.610479,-90.202609
44.0635414,-121.3028881
38.295817,-86.95469000000001
40.7002354,-111.8330003
43.5914418,-116.1937682
40.0165214,-105.2822533
The Rocket 122 West Michigan Avenue, Ypsilanti MI 48197 error:ZERO_RESULTS
41.6419991,-91.52728739999999
40.9078421,-97.09856549999999
34.5946538,-120.1395895
35.7120529,-83.514088
41.7888267,-69.99247760000002
44.6567886,-90.1812181
30.079225,-95.4179906
40.6770785,-99.0862174
35.2726441,-120.6695221
34.1147543,-117.6806494
42.2507797,-84.4064688
The Toy Room 295 2nd Street SE, Bandon OR 97411 error:ZERO_RESULTS
39.0297586,-95.74488319999999
38.9661105,-95.2357179
43.6805861,-114.3655147
41.6438987,-70.8712247
36.554872,-121.92383
33.980155,-118.037651
39.723625,-104.987989
37.66874079999999,-113.0622338
39.088208,-84.517894
39.999062,-105.254307
43.00156399999999,-85.65432799999999
45.467883,-122.712643
29.7310418,-95.42195699999999
47.2580921,-122.0277454
33.0445576,-117.2931898
37.76996150000001,-122.4484015
33.714916,-78.880602
33.7998919,-78.74375549999999
28.3311409,-81.51598589999999
41.9680622,-87.6877883
40.5767469,-124.2635854
38.7726721,-89.9571426
45.3974975,-122.2718096
42.1942637,-73.3622267
29.6896075,-95.4622746
41.43038809999999,-81.391807
30.6647629,-88.105451
47.69092620000001,-122.3570303
41.4873353,-81.76684399999999
38.8583102,-77.049523
44.0534082,-71.12787879999999
39.205714,-86.2464478
42.110128,-86.48172199999999
34.422824,-119.6516329
34.047496,-118.490693
44.560446,-123.262063
32.457524,-93.74449299999999
42.60154600000001,-89.640226
42.7675794,-78.6080668
37.764439,-122.242458
42.8493593,-106.3239209
40.8557107,-81.87113599999999
Toys Ahoy, Inc. 679-A High St, Worthington OH 43085 error:ZERO_RESULTS
47.7390206,-122.6408501
38.9348598,-77.05865
29.6643563,-95.6977172
33.8618923,-118.4008612
40.8637447,-75.7391641
43.8679846,-91.1966566
43.6574489,-70.254104
43.6574489,-70.254104
47.62024,-122.3212513
38.5082365,-89.9845754
33.8205863,-118.3504421
29.9588374,-90.0655269
Tripate Marketing DC 1040 Roma Avenue, Hammond LA 70403 error:ZERO_RESULTS
Tripate Marketing DC 1795 B MLK Blvd, Houma LA 70360 error:ZERO_RESULTS
Tripate Marketing DC 311 S Range Ave, Denham Springs LA 70726 error:ZERO_RESULTS
Tripate Marketing DC 6264 Highway 98 West, Hattiesburg MS 39402 error:ZERO_RESULTS
33.8606294,-117.8513417
42.5214653,-70.8938867
24.5596815,-81.8035653
24.5596815,-81.8035653
24.5596815,-81.8035653
24.5596815,-81.8035653
45.540946,-122.386527
29.9551318,-90.06900159999999
32.22567,-110.965827
42.1964735,-122.7145171
28.5998447,-81.3509077
44.8844608,-93.08001229999999
34.04981,-118.038104
Twinkles 3199 Alvarado St, San Leandro CA 94577 error:ZERO_RESULTS
36.407848,-105.575008
44.2538545,-83.53603869999999
33.5806128,-111.9241104
36.304963,-86.621437
Under A Hula Moon 600 Kailua Road, Suite 116, Kailua HI 96734 error:ZERO_RESULTS
Underground Dungeon 1060 Route 16, Barrigada GU 96913 error:ZERO_RESULTS
42.8858856,-77.2803359
35.1476662,-101.9266269
34.173716,-118.330178
28.384901,-81.499522
34.1360515,-118.354498
29.9207308,-90.1010333
39.3287445,-82.10105430000002
32.8129437,-96.63624070000002
34.0354931,-118.4776369
40.2289017,-75.2592294
33.7739961,-117.9170324
US Toy Company 1927 E Belt Line Rd, Carrollton TX 75006 error:ZERO_RESULTS
38.9404374,-94.6106701
33.04227400000001,-96.75480689999999
42.0342395,-87.7598878
30.0212271,-95.4366357
28.67417099999999,-81.494528
39.5692728,-104.9050294
40.951426,-73.817026
40.866333,-73.363963
40.951426,-73.817026
40.7321514,-73.08837900000002
40.759227,-73.979807
40.87037,-73.426512
40.940122,-73.83355499999999
41.15210099999999,-73.829267
25.7221162,-80.31735139999999
38.5050955,-122.4702806
47.446886,-122.460722
32.4334742,-97.10250769999999
27.6403698,-80.3817239
39.1148956,-77.5646744
47.1911915,-122.2935822
30.4444757,-91.133726
29.9578443,-90.0647321
32.74738749999999,-117.1614484
32.7386645,-117.1770241
32.74738749999999,-117.1614484
33.760448,-118.1915456
32.7091369,-117.1706544
40.7319184,-73.9950456
40.72931,-73.998093
39.305824,-123.798785
40.075666,-75.20536469999999
40.8707918,-124.0863102
26.180921,-80.1489436
26.180921,-80.1489436
38.60153409999999,-90.2618487
40.4237589,-86.90866199999999
41.18227539999999,-80.7522262
37.6862595,-97.2811838
41.7097796,-111.8387546
33.6340536,-117.9157562
34.0621219,-118.347663
31.1829699,-81.3791251
47.539931,-122.040254
37.683785,-97.3471658
30.268554,-97.74233079999999
39.6406893,-106.3741058
47.6629234,-122.312745
28.8999412,-82.5928086
44.6306134,-124.0517797
41.5723871,-93.70907419999999
42.52125789999999,-70.89836319999999
30.3709037,-87.6686997
37.7615596,-122.4226539
44.01319790000001,-73.1690047
44.2600497,-72.57619009999999
37.9521994,-122.5499389
36.9817502,-121.9565514
40.7199056,-74.0433692
37.552367,-77.479213
48.114008,-122.75819
40.6656709,-111.8887144
38.9650401,-77.0761413
33.9787989,-117.6465154
41.0637368,-72.4292991
42.08730910000001,-87.7011307
40.4522837,-79.9824392
39.0439145,-122.9154967
40.7636961,-73.9764605
34.561085,-87.000536
37.937404,-107.812195
40.7741351,-73.9634803
33.515005,-86.773814
Zojo's Toy Emporium 1765 E Nine Mile Road, Pensacola FL 32514 error:ZERO_RESULTS
40.543142,-111.890252
40.543142,-111.890252
40.543142,-111.890252
40.543142,-111.890252
40.543142,-111.890252
40.543142,-111.890252
40.543142,-111.890252
40.543142,-111.890252
40.543142,-111.890252
40.543142,-111.890252
40.543142,-111.890252
40.543142,-111.890252
40.543142,-111.890252
